+000,-000
+001,-000
+001,-000
+001,-000
+001,-000
+003,-000
+003,-000
+003,-000
+003,-000
+005,-000
+005,-000
+005,-000
+005,-000
+005,-000
+005,-000
+005,-000
+005,-000
-006,-000
-006,-000
-006,-000
-007,-001
-007,-001
-007,-001
-007,-001
-007,-001
-008,-002
-008,-002
-008,-003
-008,-003
-008,-003
-009,-004
-009,-004
-009,-004
-009,-004
-009,-004
-009,-004
-010,-005
-010,-005
-010,-005
-010,-005
-010,-006
-011,-006
-011,-006
-011,-006
-011,-007
-011,-007
-011,-007
-011,-008
-011,-008
-011,-008
-011,-008
-011,-008
-011,-008
-011,-008
-011,-008
-011,-008
-011,-009
-011,-009
-011,-009
-011,-009
-011,-009
-011,-009
-011,-009
-011,-009
-011,-009
-011,-009
-011,-009
-011,-009
-011,-009
-011,-009
-011,-009
-011,-009
-011,-009
-011,-009
-011,-009
-011,-009
-011,-009
-011,-009
-011,-009
-011,-009
-011,-006
-011,-006
-011,-006
-008,-006
-008,-006
-009,-006
-009,-006
-009,-006
-009,-006
-009,-006
-009,-006
-009,-006
-009,-006
-009,-006
-009,-006
-009,-006
-009,-006
-009,-003
-009,-003
-009,-003
-009,-003
-009,-003
-009,-003
-009,-003
-009,-003
-009,-003
-009,-003
-006,-003
-007,-003
-007,-003
-007,-003
-007,-003
-007,-000
-007,-000
-007,-000
-007,-000
-007,-000
-007,-000
-007,-000
-007,-000
-007,-000
-008,-000
-008,-000
-008,-000
-008,-000
-008,-000
-008,-000
-008,-000
-008,-000
-009,-000
-009,-000
-009,-000
-010,-000
-010,-000
-010,-000
-011,-000
-011,-000
-011,-000
-012,-000
-012,-000
-013,-000
-013,-000
-013,-000
-013,-000
-013,-000
-013,-000
-014,-000
-014,-000
-014,-000
-014,-000
-014,-000
-014,-000
-014,-000
-014,-000
-014,-000
-014,-000
-014,-000
-014,-000
-014,-000
-014,-000
-014,-000
-014,-003
-014,-003
-014,-003
-014,-003
-011,-003
-011,-003
-011,-003
-011,-003
-011,-003
-011,-003
-011,-003
-011,-003
-011,-003
-008,-003
-008,-003
-008,-003
-008,-003
-008,-003
-008,-003
-008,-003
-008,-003
-008,-003
-008,-003
-008,-003
-008,-003
-008,-003
+005,-002
+005,-002
+005,-002
+005,-002
+005,-002
+005,-002
+005,-002
+005,-002
+005,-002
+005,-002
+005,-002
+005,-002
+005,-002
+005,-002
+005,-002
+005,-002
+005,-002
+005,-002
+005,-002
+005,-002
+005,-002
+005,-002
+005,-002
+005,-002
+005,-002
-006,-002
-006,-002
-006,-002
-006,-002
-007,-002
-007,-002
-007,-002
-008,-002
-008,-002
-008,-002
-009,-002
-009,-002
-009,-002
-009,-005
-010,-004
-010,-004
-010,-004
-010,-004
-010,-004
-010,-004
-010,-004
-010,-004
-011,-004
-011,-004
-011,-004
-011,-004
-011,-004
-011,-004
-011,-004
-011,-004
-011,-004
-011,-004
-011,-004
-011,-004
-011,-004
-011,-007
-011,-006
-011,-006
-011,-006
-011,-006
-011,-006
-011,-006
-011,-006
-011,-006
-011,-006
-011,-006
-011,-006
-011,-006
-011,-006
-011,-006
-011,-006
-011,-006
-011,-006
-011,-006
-011,-006
-011,-006
-011,-006
-008,-006
-008,-006
-008,-006
-008,-009
-008,-009
-008,-009
-008,-009
-008,-009
-008,-009
-008,-009
-008,-009
-008,-009
-008,-009
-008,-009
-008,-009
+005,-009
+005,-009
+005,-009
+005,-009
+005,-009
+005,-009
+005,-009
+005,-009
+005,-009
+005,-009
+005,-009
+005,-009
+005,-009
+005,-009
+005,-009
+005,-009
+005,-009
+005,-009
+005,-009
+005,-009
+005,-009
+005,-009
+005,-009
+005,-009
+005,-009
+005,-009
+005,-009
+005,-009
+005,-009
+005,-009
+005,-009
+005,-009
+005,-009
+005,-009
+005,-009
+005,-009
+005,-009
+005,-009
+005,-009
+005,-009
+005,-009
+005,-009
+005,-009
+005,-009
+005,-009
+005,-009
+005,-008
+005,-008
+005,-008
+005,-008
+005,-008
+005,-008
+003,-008
+003,-008
+003,-008
+003,-008
+003,-008
+003,-008
+003,-008
+003,-008
+003,-008
+003,-008
+003,-008
+003,-008
+003,-008
+003,-008
+003,-007
+003,-007
+003,-007
+003,-007
+003,-007
+003,-007
+003,-007
+003,-007
+003,-007
+003,-007
+001,-007
+001,-007
+001,-007
+001,-007
+001,-007
+001,-007
+001,-007
+001,-007
+001,-007
+001,-007
+001,-007
+001,-007
+001,-007
+001,-007
+001,-007
+001,-007
+001,-007
+001,-007
+001,-007
+001,-007
+001,-007
+001,-007
+001,-007
+001,-007
+001,-007
+001,-007
+001,-007
+001,-007
+001,-007
+001,-007
+001,-007
+001,-007
+001,-007
+001,-007
+001,-007
+001,-007
+001,-007
+001,-007
+001,-007
+001,-007
+001,-007
+001,-007
+001,-007
+001,-007
+001,-007
+001,-007
+001,-007
+003,-007
+003,-010
+003,-010
+003,-010
+003,-010
+003,-010
+003,-010
+003,-010
+003,-010
+003,-010
+003,-010
+003,-010
+003,-010
+003,-010
+003,-010
+003,-010
+003,-010
+003,-010
+003,-010
+003,-010
+003,-010
+003,-010
+003,-010
+003,-010
+003,-009
+003,-009
+003,-009
+003,-009
+001,-008
+001,-008
+001,-008
+001,-008
+001,-008
+001,-008
+001,-008
+001,-008
+001,-008
+001,-008
+001,-008
+001,-008
+001,-007
+001,-007
+001,-007
+001,-007
+001,-007
+001,-007
+001,-007
+001,-007
+001,-007
+001,-007
+001,-007
+001,-007
+001,-007
+001,-006
+001,-006
+001,-006
+001,-006
+001,-006
+001,-006
+001,-006
+003,-005
+003,-005
+003,-005
+003,-005
+003,-005
+003,-005
+003,-005
+003,-005
+003,-005
+003,-005
+003,-005
+005,-005
+005,-005
+005,-005
+005,-005
+005,-005
+005,-005
+005,-005
+005,-005
+005,-005
+005,-005
+005,-005
+005,-005
+005,-004
+005,-004
+003,-004
+003,-004
+003,-004
+003,-004
+003,-004
+003,-004
+003,-004
+003,-004
+003,-004
+003,-004
+003,-004
+003,-004
+003,-004
+003,-004
+003,-004
+003,-004
+003,-004
+003,-004
+003,-004
+003,-004
+003,-004
+003,-003
+003,-003
+003,-003
+003,-003
+003,-003
+003,-003
+003,-003
+003,-003
+003,-003
+003,-003
+003,-002
+003,-002
+003,-002
+003,-002
+003,-002
+003,-002
+003,-002
+003,-001
+003,-001
+003,-001
+003,-001
+003,-001
+003,-001
+003,-001
+003,-001
+005,-001
+005,-001
+005,-001
+005,-001
+005,-001
+005,-001
+005,-001
+005,-001
+005,-001
+005,-000
+005,-000
+005,-000
+005,-000
+005,-000
+005,-000
+005,-000
+005,-000
+005,-000
+005,-000
+005,-000
+005,-000
+005,-000
+005,-000
+005,-000
+005,-000
+005,-000
+005,-000
+005,-000
+005,-000
+005,-000
+005,-003
+005,-003
+005,-002
+005,-002
+005,-002
+005,-002
+005,-002
+005,-002
+005,-002
+005,-002
+005,-002
+005,-002
+003,-002
+003,-002
+003,-002
+003,-002
+003,-002
+003,-002
+003,-002
+003,-002
+003,-002
+003,-002
+003,-001
+003,-001
+003,-001
+003,-001
+001,-001
+001,-001
+001,-001
+001,-001
+001,-001
+001,-001
+001,-001
+001,-001
+001,-001
+001,-000
+001,-000
+001,-000
+001,-000
+001,-000
+001,-000
+001,-000
+001,-000
+001,-000
+001,-000
+001,-000
+001,-000
+001,-000
+001,-000
+001,-000
+001,-000
+001,-000
+003,-000
+003,-000
+003,-000
+003,-000
+003,-000
+003,-000
+003,-000
+003,-000
+003,-000
+003,-000
+003,-000
+003,-000
+003,-000
+003,-000
+003,-000
+003,-000
+003,-000
+003,-000
+003,-000
+003,-000
+003,-000
+003,-000
+003,-000
+003,-000
+003,-000
+003,-000
+003,-000
+003,-000
+003,-000
+003,-000
+003,-000
+003,-000
+003,-000
+003,-000
+003,-000
+003,-000
+003,-000
+003,-000
+003,-003
+005,-003
+005,-003
+005,-003
+005,-003
+005,-003
+005,-003
+005,-003
+005,-003
+005,-003
+005,-003
+005,-003
+005,-003
+005,-003
+005,-003
+005,-003
+005,-003
-006,-003
-006,-003
-006,-003
-006,-003
-006,-003
-006,-003
-006,-003
-006,-003
-006,-002
-006,-002
-006,-002
-006,-002
-006,-002
-006,-002
-006,-002
-006,-002
-006,-002
-006,-002
-006,-002
-006,-002
-006,-002
-006,-002
-006,-002
-006,-002
-006,-002
-006,-002
-006,-002
-006,-002
-006,-002
-006,-002
-006,-002
-006,-002
-006,-002
-006,-002
-006,-002
-006,-002
-006,-002
-006,-002
-006,-002
-006,-002
-006,-002
-006,-002
-006,-002
-006,-002
-006,-002
-006,-002
-006,-002
-006,-002
-006,-002
-006,-002
-006,-002
-006,-002
-006,-002
-006,-002
-006,-002
-006,-002
-006,-002
-006,-002
-006,-002
-006,-002
-006,-002
-006,-002
-006,-002
-006,-002
-006,-002
-006,-002
-006,-002
-006,-002
-006,-002
-006,-002
-006,-002
-006,-002
-006,-002
-006,-002
-006,-002
-006,-002
-006,-002
-006,-005
+004,-004
+004,-004
+004,-004
+004,-004
+004,-004
+004,-004
+004,-004
+004,-004
+004,-004
+004,-004
+004,-004
+004,-004
+004,-004
+004,-004
+004,-004
+004,-007
+004,-007
+004,-007
+004,-007
+004,-007
+004,-007
+004,-007
+004,-007
+004,-007
+004,-007
+004,-007
+004,-007
+004,-007
+004,-007
+005,-007
+005,-007
+005,-007
+005,-007
+005,-007
+005,-007
+005,-007
+005,-007
+005,-007
+005,-007
+005,-007
+005,-007
+005,-007
+005,-007
+005,-007
+005,-007
+005,-007
+005,-007
+005,-007
+005,-010
+005,-009
+005,-009
+005,-009
+005,-009
+005,-009
+005,-009
+005,-009
+005,-009
+005,-009
+005,-009
+005,-009
+005,-009
+005,-009
+005,-009
+005,-009
+005,-009
+005,-009
+005,-009
+005,-009
+005,-009
+005,-009
+005,-009
+005,-009
+005,-009
+005,-009
+005,-009
+005,-009
+005,-009
+005,-009
+005,-009
+005,-009
+005,-009
+005,-009
+005,-009
+005,-009
+005,-009
+003,-009
+003,-009
+003,-009
+003,-009
+003,-009
+003,-009
+003,-009
+003,-009
+003,-009
+003,-009
+003,-009
+003,-009
+003,-009
+003,-009
+003,-009
+003,-009
+003,-009
+005,-009
+005,-009
+005,-009
+005,-009
+005,-009
+005,-009
+005,-009
+005,-009
+005,-009
+005,-009
+005,-009
+005,-009
+005,-009
+005,-009
+005,-009
+005,-009
+005,-009
+005,-009
+005,-009
+005,-009
+005,-009
+005,-009
+005,-009
+005,-009
+005,-009
+005,-009
+005,-009
+005,-009
+005,-009
+005,-009
+005,-009
+005,-009
+005,-009
+005,-009
+005,-009
+005,-009
+003,-009
+003,-009
+003,-009
+003,-009
+003,-009
+003,-009
+003,-009
+003,-009
+003,-009
+001,-009
+001,-009
+001,-009
+001,-009
+001,-009
+001,-009
+001,-009
+001,-009
+001,-009
+001,-009
+001,-009
+001,-009
+001,-009
+001,-009
+001,-009
+001,-009
+001,-009
+001,-009
+001,-009
+001,-009
+001,-009
+001,-009
+001,-009
+001,-009
+001,-009
+001,-009
+001,-009
+001,-008
+001,-008
+001,-008
+001,-008
+001,-008
+001,-008
+001,-008
+001,-008
+001,-008
+001,-008
+001,-008
+001,-008
+001,-008
+001,-008
+001,-008
+001,-008
+001,-008
+001,-008
+001,-008
+001,-008
+001,-008
+001,-008
+001,-008
+001,-008
+001,-008
+001,-008
+001,-008
+001,-008
+001,-008
+001,-008
+001,-008
+001,-008
+001,-008
+001,-008
+001,-008
+001,-008
+001,-008
+001,-008
+001,-008
+001,-008
+001,-008
+001,-008
+001,-008
+001,-008
+001,-008
+001,-008
+001,-008
+001,-008
+001,-008
+001,-008
+001,-008
+001,-008
+003,-011
+003,-011
+003,-011
+003,-011
+003,-011
+003,-011
+003,-011
+003,-011
+003,-011
+003,-011
+003,-011
+003,-011
+003,-011
+003,-011
+003,-011
+003,-011
+003,-011
+003,-011
+003,-011
+003,-011
+003,-011
+003,-011
+003,-011
+003,-011
+003,-011
+003,-011
+003,-011
+003,-011
+003,-011
+003,-011
+003,-011
+003,-011
+003,-011
+003,-011
+003,-011
+003,-011
+003,-011
+003,-011
+003,-011
+003,-011
+003,-011
+003,-011
+003,-011
+003,-011
+003,-011
+003,-011
+003,-011
+003,-011
+003,-011
+003,-011
+003,-011
+003,-011
+003,-011
+003,-011
+003,-011
+003,-011
+003,-011
+003,-011
+003,-011
+003,-011
+003,-011
+003,-011
+003,-011
+003,-011
+003,-011
+003,-011
+003,-011
+003,-010
+003,-010
+003,-010
+003,-010
+003,-010
+003,-010
+003,-010
+003,-010
+003,-010
+003,-010
+003,-010
+003,-010
+003,-010
+003,-010
+001,-009
+001,-009
+001,-009
+001,-009
+001,-009
+001,-009
+001,-009
+001,-009
+001,-009
+001,-009
+001,-009
+001,-009
+001,-008
+001,-008
+001,-008
+001,-008
+001,-008
+001,-008
+001,-008
+001,-008
+001,-008
+001,-008
+001,-008
+001,-008
+001,-008
+001,-008
+001,-007
+001,-007
+001,-007
+001,-007
+001,-007
+001,-007
+001,-007
+001,-007
+001,-007
+001,-007
+001,-007
+001,-007
+001,-007
+001,-007
+001,-007
+001,-007
+001,-007
+001,-007
+001,-007
+003,-007
+003,-007
+003,-007
+003,-007
+003,-007
+003,-007
+003,-007
+003,-007
+003,-007
+003,-007
+003,-007
+003,-007
+003,-007
+003,-007
+003,-007
+003,-007
+005,-007
+005,-007
+005,-007
+005,-007
+005,-007
+005,-007
+005,-007
+005,-007
+005,-007
+005,-007
+005,-007
+005,-007
+005,-007
+005,-007
+005,-007
+005,-007
+005,-007
+005,-007
+005,-007
+005,-007
+005,-007
+005,-007
+005,-007
+005,-007
+005,-007
+005,-007
+005,-007
+005,-007
+005,-007
+005,-007
+005,-007
+005,-007
+005,-007
+005,-007
+005,-007
+005,-007
+005,-007
+005,-007
+005,-007
+005,-007
+005,-007
+005,-007
+005,-007
+005,-007
+005,-007
+005,-007
+005,-007
+005,-007
+005,-007
+005,-007
+005,-007
+005,-007
+005,-007
+005,-007
+005,-007
+003,-007
+003,-007
+003,-007
+003,-007
+003,-007
+003,-007
+003,-007
+003,-007
+003,-007
+003,-007
+003,-007
+003,-006
+003,-006
+003,-006
+003,-006
+003,-006
+003,-006
+003,-006
+003,-006
+003,-006
+003,-006
+003,-006
+003,-006
+003,-006
+003,-005
+003,-005
+003,-005
+003,-005
+003,-005
+003,-005
+003,-004
+003,-004
+003,-004
+003,-004
+003,-004
+003,-003
+003,-003
+003,-003
+003,-003
+003,-003
+003,-003
+003,-003
+003,-003
+003,-003
+003,-002
+003,-002
+003,-002
+003,-002
+003,-002
+003,-002
+003,-002
+003,-001
+003,-001
+003,-001
+003,-001
+003,-001
+003,-001
+003,-001
+003,-001
+003,-001
+003,-001
+003,-000
+003,-000
+003,-000
+003,-000
+003,-000
+003,-000
+003,-000
+003,-000
+003,-000
+003,-000
+003,-000
+003,-000
+003,-000
+003,-000
+003,-000
+003,-000
+003,-000
+003,-000
+003,-000
+003,-000
+003,-000
+003,-000
+003,-000
+001,-000
+001,-000
+001,-000
+001,-000
+001,-000
+001,-000
+001,-000
+001,-000
+001,-000
+001,-000
+001,-000
+001,-003
+001,-003
+001,-003
+001,-003
+001,-003
+001,-003
+001,-003
+001,-003
+001,-003
+001,-003
+001,-003
+001,-003
+001,-003
+001,-003
+001,-003
+001,-003
+001,-003
+001,-003
+001,-003
+001,-003
+001,-003
+003,-003
+003,-003
+003,-003
+003,-003
+003,-003
+003,-003
+003,-003
+003,-003
+003,-003
+003,-003
+003,-003
+003,-003
+003,-003
+003,-003
+003,-003
+003,-003
+003,-003
+003,-003
+003,-003
+003,-003
+003,-006
+003,-005
+003,-005
+003,-005
+003,-005
+003,-005
+003,-005
+003,-005
+003,-005
+003,-005
+003,-005
+006,-008
+006,-007
+006,-007
+006,-007
+006,-007
+006,-007
+006,-007
+006,-007
+006,-007
+006,-007
+006,-007
+006,-007
+006,-007
+006,-007
+006,-007
+006,-010
+006,-010
+006,-010
+006,-010
+006,-010
+006,-010
+006,-010
+006,-010
+006,-010
+006,-010
+004,-010
+004,-010
+004,-010
+004,-010
+004,-010
+002,-010
+002,-009
+002,-009
+002,-009
+002,-008
+002,-008
+002,-008
+002,-008
+000,-008
+000,-008
+000,-008
+000,-008
+000,-008
+000,-008
+000,-008
+000,-008
+000,-008
+000,-008
+000,-008
+000,-008
+000,-008
+000,-008
+000,-008
+000,-008
+000,-008
+000,-008
+000,-008
+000,-008
+000,-008
+000,-008
+000,-008
+000,-008
+000,-008
+000,-008
+000,-008
+000,-008
+000,-008
+000,-008
+000,-008
+000,-008
+000,-008
+000,-007
+000,-007
+000,-007
+000,-007
+000,-007
+000,-007
+000,-007
+000,-007
+000,-007
+000,-007
+000,-007
+000,-007
+000,-007
+000,-007
+000,-007
+000,-007
+000,-006
+000,-006
+000,-006
+000,-006
+000,-006
+000,-006
+000,-006
+000,-006
+000,-006
+000,-006
+000,-006
+000,-006
+000,-006
+000,-006
+000,-006
+000,-006
+000,-006
+000,-006
+000,-006
+000,-006
+000,-006
+000,-006
+000,-006
+000,-006
+000,-006
+000,-006
+000,-006
+000,-006
+000,-006
+000,-006
+000,-006
+000,-006
+000,-006
+000,-006
+000,-006
+000,-006
+000,-006
+000,-006
+000,-006
+000,-006
+000,-006
+000,-006
+000,-006
+000,-006
+000,-006
+000,-006
+000,-006
+000,-006
+000,-006
+000,-006
+000,-006
+000,-006
+000,-006
+000,-006
+000,-006
+000,-006
+000,-006
+000,-006
+000,-006
+000,-006
+000,-006
+000,-006
+000,-009
+000,-008
+000,-008
+000,-008
+000,-008
+000,-008
+002,-008
+002,-008
+002,-008
+002,-008
+002,-008
+002,-008
+002,-008
+002,-008
+002,-008
+002,-008
+002,-008
+002,-008
+002,-008
+002,-008
+002,-008
+002,-008
+002,-008
+002,-008
+002,-008
+002,-008
+002,-008
+002,-008
+002,-008
+002,-008
+002,-008
+002,-008
+002,-008
+002,-008
+002,-008
+002,-008
+002,-008
+002,-008
+002,-008
+002,-008
+002,-008
+002,-008
+002,-008
+002,-008
+002,-008
+002,-008
+002,-008
+002,-008
+002,-008
+002,-008
+002,-008
+002,-008
+002,-008
+002,-008
+002,-008
+002,-008
+002,-008
+002,-008
+002,-008
+002,-008
+002,-008
+002,-008
+002,-008
+002,-008
+002,-008
+002,-008
+002,-008
+002,-008
+002,-008
+004,-008
+004,-008
+004,-008
+004,-008
+004,-008
+004,-008
+004,-008
+004,-008
+004,-008
+004,-008
+004,-008
+004,-008
+004,-008
+004,-008
+004,-008
+004,-008
+004,-008
+004,-008
+004,-008
+004,-008
+004,-008
+004,-008
+004,-008
+004,-008
+004,-008
+004,-008
+004,-008
+004,-008
+004,-008
+004,-008
+004,-008
+004,-008
+004,-008
+004,-008
+004,-008
+004,-008
+004,-008
+004,-008
+004,-008
+004,-008
+004,-008
+004,-008
+004,-008
+004,-008
+004,-008
+004,-008
+004,-008
+004,-008
+004,-008
+004,-008
+004,-008
+004,-008
+004,-008
+004,-008
+004,-008
+002,-008
+002,-008
+002,-008
+002,-008
+002,-008
+002,-008
+002,-008
+002,-008
+002,-008
+002,-008
+002,-008
+002,-008
+002,-008
+002,-008
+002,-008
+002,-008
+002,-008
+002,-008
+002,-008
+002,-008
+002,-008
+002,-008
+002,-008
+002,-008
+002,-008
+002,-008
+002,-008
+002,-008
+002,-008
+002,-008
+002,-008
+002,-008
+002,-008
+002,-008
+002,-008
+002,-008
+002,-011
+002,-010
+002,-010
+002,-010
+002,-010
+002,-010
+002,-010
+002,-010
+002,-010
+002,-010
+002,-010
+002,-010
+002,-010
+002,-010
+002,-010
+002,-010
+002,-010
+002,-010
+002,-010
+004,-010
+004,-010
+004,-010
+004,-010
+004,-010
+004,-010
+004,-010
+004,-010
+004,-010
+004,-010
+004,-010
+004,-010
+004,-010
+004,-010
+004,-010
+004,-010
+004,-010
+004,-010
+004,-010
+004,-010
+004,-010
+004,-010
+004,-010
+004,-010
+004,-010
+004,-010
+004,-010
+004,-010
+004,-010
+004,-010
+004,-010
+004,-010
+004,-010
+004,-010
+004,-010
+004,-010
+004,-010
+004,-010
+004,-010
+004,-010
+004,-010
+004,-010
+004,-010
+004,-010
+004,-010
+004,-010
+004,-010
+004,-010
+004,-010
+004,-010
+004,-010
+004,-010
+004,-010
+004,-010
+004,-010
+004,-010
+004,-010
+004,-010
+004,-010
+004,-010
+004,-010
+004,-010
+004,-010
+004,-010
+004,-010
+004,-010
+004,-010
+004,-010
+004,-010
+004,-010
+004,-010
+004,-010
+004,-010
+004,-010
+004,-010
+004,-010
+004,-010
+004,-010
+004,-010
+004,-010
+004,-010
+004,-010
+004,-010
+004,-010
+004,-010
+004,-010
+004,-010
+004,-010
+004,-010
+004,-010
+004,-010
+004,-010
+004,-010
+004,-010
+004,-010
+004,-010
+004,-010
+004,-010
+004,-010
+004,-010
+004,-010
+004,-010
+004,-010
+004,-010
+004,-010
+004,-010
+004,-010
+004,-010
+004,-010
+004,-010
+004,-010
+004,-010
+004,-010
+004,-010
+004,-010
+004,-010
+004,-010
+004,-010
+004,-010
+004,-010
+004,-010
+004,-010
+004,-010
+004,-010
+004,-010
+004,-010
+004,-010
+004,-010
+004,-010
+004,-010
+004,-010
+004,-010
+004,-010
+004,-010
+004,-010
+002,-010
+002,-010
+002,-010
+002,-010
+002,-010
+002,-010
+002,-010
+002,-010
+002,-010
+002,-010
+002,-010
+002,-010
+002,-010
+002,-010
+002,-010
+002,-010
+002,-010
+002,-010
+002,-010
+002,-010
+002,-010
+000,-010
+000,-010
+000,-010
+000,-010
+000,-010
+000,-010
+000,-010
+000,-010
+000,-010
+000,-010
+000,-010
+000,-010
+000,-010
+000,-010
+000,-010
+000,-010
+000,-009
+000,-009
+000,-009
+000,-009
+000,-009
+000,-009
+000,-009
+000,-009
+000,-009
+000,-009
+000,-009
+000,-009
+000,-009
+000,-009
+002,-009
+002,-009
+002,-008
+002,-008
+002,-008
+002,-008
+002,-008
+002,-007
+002,-007
+004,-007
+004,-007
+004,-007
+004,-007
+004,-007
+004,-007
+004,-007
+004,-007
+004,-007
+004,-007
+004,-007
+004,-007
+004,-007
+004,-007
+004,-007
+004,-006
+004,-006
+004,-006
+004,-006
+004,-006
+004,-006
+004,-006
+004,-006
+004,-006
+004,-006
+004,-006
+004,-006
+004,-006
+004,-006
+004,-006
+004,-006
+004,-006
+004,-006
+004,-006
+004,-006
+004,-006
+004,-006
+004,-006
+004,-006
+004,-006
+004,-006
+002,-006
+002,-006
+002,-006
+002,-006
+002,-006
+002,-006
+002,-006
+002,-006
+002,-006
+002,-006
+000,-006
+000,-006
+000,-006
+000,-006
+000,-006
+000,-006
+000,-006
+000,-006
+000,-006
+000,-006
+000,-006
+000,-006
+000,-006
+000,-006
+000,-006
+000,-006
+000,-006
+000,-006
+000,-009
+000,-008
+000,-008
+000,-008
+000,-008
+000,-008
+000,-008
+000,-008
+000,-008
+000,-008
+002,-008
+002,-008
+002,-008
+002,-008
+002,-008
+002,-008
+002,-008
+002,-008
+002,-008
+002,-008
+002,-008
+002,-008
+002,-008
+002,-008
+002,-008
+002,-008
+002,-008
+002,-008
+002,-008
+002,-008
+002,-008
+002,-008
+002,-008
+002,-008
+002,-008
+000,-008
+000,-008
+000,-008
+000,-008
+000,-008
+000,-008
+000,-008
+000,-008
+000,-008
+000,-008
+000,-008
+000,-008
+000,-008
+000,-008
+000,-008
+000,-008
+000,-008
+000,-008
+000,-008
+000,-008
+000,-008
+000,-008
+000,-008
+000,-008
+000,-008
+000,-008
+000,-008
+000,-008
+000,-008
+000,-008
+000,-008
+000,-008
+000,-008
+000,-008
+000,-008
+000,-008
+000,-008
+000,-008
+000,-008
+000,-008
+000,-008
+000,-008
+000,-008
+000,-008
+000,-008
+000,-008
+000,-008
+000,-008
+002,-008
+002,-008
+002,-008
+002,-008
+002,-008
+002,-008
+002,-008
+002,-008
+002,-008
+002,-008
+002,-008
+002,-008
+002,-008
+002,-008
+002,-008
+002,-008
+002,-008
+004,-008
+004,-008
+004,-008
+004,-008
+004,-008
+004,-008
+004,-008
+004,-008
+004,-008
+004,-008
+004,-008
+004,-008
+004,-008
+004,-008
+004,-008
+004,-008
+004,-008
+004,-008
+004,-008
+002,-008
+002,-008
+002,-008
+002,-008
+002,-008
+002,-008
+002,-008
+002,-008
+002,-008
+002,-008
+002,-008
+002,-008
+002,-008
+002,-008
+002,-008
+002,-008
+002,-007
+002,-007
+002,-007
+002,-007
+002,-007
+002,-007
+002,-007
+002,-007
+002,-007
+002,-007
+002,-007
+002,-007
+002,-007
+002,-007
+002,-007
+004,-007
+004,-007
+004,-007
+004,-007
+004,-007
+004,-006
+004,-006
+004,-006
+004,-006
+004,-006
+004,-006
+004,-006
+004,-006
+004,-006
+004,-006
+004,-006
+004,-006
+004,-006
+004,-006
+004,-006
+004,-006
+004,-006
+004,-006
+004,-005
+004,-005
+004,-005
+004,-005
+004,-005
+004,-005
+004,-005
+004,-005
+004,-005
+004,-005
+004,-005
+004,-005
+004,-005
+004,-005
+004,-005
+004,-005
+004,-005
+004,-005
+004,-005
+004,-005
+004,-005
+004,-005
+004,-005
+004,-005
+004,-005
+004,-005
+004,-005
+004,-005
+004,-005
+004,-005
+004,-005
+004,-005
+004,-005
+004,-005
+004,-005
+004,-005
+004,-005
+004,-005
+004,-005
+004,-005
+004,-005
+004,-005
+004,-005
+004,-005
+004,-005
+004,-005
+004,-005
+004,-005
+004,-005
+004,-005
+004,-005
+004,-005
+004,-005
+004,-005
+004,-005
+004,-005
+004,-005
+004,-005
+004,-005
+004,-005
+004,-005
+004,-005
+004,-004
+004,-004
+004,-004
+004,-004
+004,-004
+004,-004
+004,-004
+004,-004
+004,-004
+004,-004
+004,-004
+004,-004
+004,-004
+004,-004
+004,-004
+004,-004
+004,-004
+004,-004
+004,-004
+004,-004
+004,-004
+004,-004
+004,-004
+004,-004
+002,-004
+002,-004
+002,-003
+002,-003
+002,-003
+002,-003
+002,-003
+002,-003
+002,-003
+002,-003
+002,-003
+002,-003
+002,-003
+002,-003
+002,-003
+002,-003
+002,-003
+002,-003
+002,-003
+002,-003
+002,-003
+002,-003
+002,-003
+002,-003
+002,-003
+002,-003
+002,-003
+002,-003
+002,-003
+002,-003
+002,-003
+002,-003
+002,-003
+002,-003
+002,-003
+002,-003
+002,-003
+002,-003
+002,-003
+002,-003
+002,-003
+002,-003
+002,-003
+002,-003
+002,-003
+002,-003
+002,-003
+002,-003
+002,-003
+002,-003
+002,-003
+002,-003
+002,-003
+002,-003
+002,-003
+002,-003
+002,-003
+002,-003
+002,-003
+002,-003
+002,-003
+002,-003
+002,-003
+002,-003
+002,-003
+002,-003
+002,-003
+002,-003
+002,-003
+002,-003
+002,-003
+004,-006
+004,-006
+004,-005
+004,-005
+004,-005
+004,-005
+004,-005
+004,-005
+004,-005
+004,-005
+004,-005
+004,-005
+004,-005
+004,-005
+004,-005
+004,-005
+004,-005
+004,-005
+004,-005
+004,-005
+004,-005
+004,-005
+004,-005
+004,-005
+004,-005
+004,-005
+004,-005
+004,-005
+004,-005
+004,-005
+004,-005
+004,-005
+004,-005
+004,-005
+004,-005
+004,-005
+004,-005
+004,-005
+004,-005
+004,-005
+004,-005
+004,-005
+004,-005
+004,-005
+004,-005
+002,-005
+002,-005
+002,-005
+002,-005
+002,-005
+002,-005
+002,-005
+002,-005
+002,-005
+002,-005
+002,-005
+002,-005
+002,-005
+002,-005
+002,-005
+002,-005
+002,-005
+002,-005
+002,-005
+002,-005
+002,-005
+002,-005
+002,-005
+002,-005
+002,-005
+002,-005
+002,-005
+002,-005
+002,-005
+002,-005
+002,-005
+002,-005
+002,-005
+002,-005
+002,-005
+002,-005
+002,-005
+002,-005
+002,-005
+004,-005
+004,-005
+004,-005
+004,-005
+004,-005
+004,-005
+004,-005
+004,-005
+004,-005
+004,-005
+004,-005
+004,-005
+004,-005
+004,-005
+004,-005
+004,-005
+004,-005
+004,-005
+004,-005
+004,-005
+004,-005
+004,-005
+004,-005
+005,-005
+005,-005
+005,-005
+005,-005
+005,-005
+005,-005
+005,-005
+005,-005
+005,-005
+005,-005
+005,-005
+005,-005
+005,-005
+005,-005
+005,-005
+005,-005
+005,-005
+005,-005
+005,-005
+005,-005
+005,-005
+005,-005
+005,-005
+005,-005
+005,-005
+003,-005
+003,-005
+003,-005
+003,-005
+003,-005
+003,-005
+003,-005
+003,-005
+003,-005
+003,-005
+003,-005
+003,-005
+003,-005
+003,-005
+003,-005
+003,-005
+003,-005
+003,-005
+003,-005
+003,-005
+003,-005
+003,-005
+003,-005
+003,-005
+003,-005
+003,-005
+003,-005
+003,-005
+003,-005
+003,-005
+003,-005
+003,-005
+003,-005
+003,-005
+003,-005
+003,-005
+003,-005
+003,-005
+003,-005
+003,-005
+003,-005
+003,-005
+003,-005
+003,-005
+003,-005
+003,-005
+003,-004
+003,-004
+003,-004
+003,-004
+003,-004
+003,-004
+003,-004
+003,-004
+003,-004
+003,-004
+003,-004
+003,-004
+003,-004
+003,-004
+003,-004
+003,-004
+003,-004
+003,-004
+003,-004
+003,-004
+003,-004
+003,-004
+003,-004
+003,-003
+003,-003
+003,-003
+003,-003
+003,-003
+003,-003
+003,-003
+003,-003
+003,-003
+003,-003
+003,-003
+003,-003
+005,-003
+005,-003
+005,-003
+005,-003
+005,-003
+005,-003
+005,-003
+005,-003
+005,-003
+005,-003
+005,-003
+005,-003
+005,-003
+005,-003
+005,-003
+005,-003
+005,-003
+005,-003
+005,-003
+005,-003
+005,-003
+005,-003
+005,-003
+005,-003
+005,-003
+005,-003
+005,-003
+005,-003
+005,-003
+005,-003
+005,-003
+005,-003
+005,-003
+005,-003
+005,-003
+005,-003
+005,-003
+005,-003
+005,-003
+005,-003
+005,-003
+005,-003
+005,-003
+005,-003
+005,-003
+005,-003
+005,-003
+005,-003
+005,-003
+005,-003
+005,-003
+005,-003
+005,-003
+005,-003
+005,-003
+005,-003
+005,-003
+005,-003
+005,-003
+005,-003
+005,-003
+005,-003
+005,-003
+005,-003
+005,-003
+005,-003
+005,-003
+005,-003
+005,-003
+005,-003
+005,-003
+005,-003
+005,-003
+005,-003
+005,-003
+005,-003
+005,-003
+005,-003
+005,-003
+005,-003
+005,-003
+005,-003
+005,-003
+005,-003
+005,-003
+005,-003
+005,-003
+005,-003
+005,-003
+005,-003
+005,-006
+005,-005
+003,-005
+003,-005
+003,-005
+003,-005
+003,-005
+003,-005
+003,-005
+003,-005
+003,-005
+003,-005
+003,-005
+003,-005
+003,-005
+003,-005
+003,-005
+003,-005
+003,-005
+003,-005
+003,-005
+003,-005
+003,-005
+003,-005
+003,-005
+003,-005
+003,-005
+003,-005
+003,-005
+003,-005
+003,-005
+003,-005
+003,-005
+003,-005
+003,-005
+003,-005
+003,-005
+003,-005
+003,-005
+003,-005
+003,-005
+003,-005
+003,-005
+003,-005
+003,-005
+001,-005
+001,-005
+001,-005
+001,-005
+001,-005
+001,-005
+001,-005
+001,-005
+001,-005
+001,-005
+001,-005
+001,-005
+001,-005
+001,-005
+001,-005
+001,-005
+001,-005
+001,-005
+001,-005
+001,-005
+001,-005
+001,-005
+001,-005
+001,-005
+001,-005
+001,-005
+001,-005
+001,-005
+001,-005
+001,-005
+001,-005
+001,-005
+001,-005
+001,-005
+001,-005
+001,-005
+001,-005
+001,-005
+001,-005
+001,-005
+001,-005
+001,-005
+001,-005
+001,-005
+001,-005
+001,-005
+001,-005
+001,-005
+001,-005
+001,-005
+001,-005
+001,-005
+001,-005
+001,-005
+001,-005
+001,-005
+001,-005
+001,-005
+001,-005
+001,-005
+001,-005
+001,-005
+003,-005
+003,-005
+003,-005
+003,-005
+003,-005
+003,-005
+003,-005
+003,-005
+003,-005
+003,-004
+003,-004
+003,-004
+003,-004
+003,-004
+003,-004
+003,-004
+003,-004
+003,-004
+003,-004
+003,-004
+003,-004
+003,-004
+003,-004
+003,-004
+003,-004
+003,-004
+003,-004
+003,-004
+003,-004
+003,-003
+003,-003
+003,-003
+003,-003
+003,-003
+003,-003
+005,-003
+005,-003
+005,-003
+005,-003
+005,-003
+005,-003
+005,-003
+005,-002
+005,-002
+005,-002
+005,-002
+005,-002
+005,-002
+005,-002
+005,-002
+005,-002
+005,-002
+005,-002
+005,-002
+005,-002
+005,-002
+005,-002
+005,-002
+005,-002
+005,-002
+005,-002
+005,-002
+003,-002
+003,-002
+003,-002
+003,-002
+003,-002
+003,-002
+003,-002
+003,-002
+003,-002
+003,-002
+003,-002
+003,-002
+003,-002
+003,-002
+003,-002
+003,-002
+003,-002
+001,-002
+001,-002
+001,-002
+001,-002
+001,-002
+001,-002
+001,-002
+001,-002
+001,-002
+001,-002
+001,-002
+001,-002
+001,-002
+001,-002
+001,-002
+001,-002
+001,-002
+001,-002
+001,-002
+001,-002
+001,-002
+001,-002
+001,-002
+001,-002
+001,-002
+001,-002
+001,-002
+001,-002
+001,-002
+001,-002
+001,-002
+001,-002
+001,-002
+001,-002
+001,-002
+001,-002
+001,-002
+001,-002
+001,-002
+001,-002
+001,-002
+001,-002
+001,-002
+001,-002
+001,-002
+001,-002
+001,-002
+001,-002
+001,-002
+001,-002
+001,-002
+001,-002
+001,-002
+001,-002
+001,-005
+001,-005
+001,-005
+001,-005
+001,-005
+001,-005
+001,-005
+001,-005
+001,-005
+001,-005
+001,-005
+001,-005
+001,-005
+001,-005
+001,-005
+001,-005
+001,-005
+001,-005
+001,-005
+001,-005
+001,-005
+001,-005
+001,-005
+001,-005
+001,-005
+001,-005
+001,-005
+001,-005
+001,-005
+001,-005
+001,-005
+001,-005
+001,-005
+001,-005
+001,-005
+001,-005
+001,-005
+001,-005
+001,-005
+001,-005
+001,-005
+001,-005
+001,-005
+001,-005
+001,-005
+001,-005
+001,-005
+001,-005
+001,-005
+001,-005
+001,-005
+001,-005
+001,-005
+001,-008
+001,-007
+001,-007
+001,-007
+001,-007
+001,-007
+001,-007
+001,-007
+001,-007
+001,-007
+001,-007
+001,-007
+001,-007
+001,-007
+001,-007
+001,-007
+001,-007
+001,-007
+001,-007
+001,-007
+001,-007
+001,-007
+001,-007
+001,-007
+001,-007
+001,-007
+001,-007
+001,-007
+001,-007
+001,-007
+001,-007
+001,-007
+001,-007
+001,-007
+001,-007
+001,-007
+001,-007
+001,-007
+001,-007
+001,-007
+001,-007
+001,-007
+001,-007
+001,-007
+001,-007
+001,-007
+001,-007
+001,-007
+001,-007
+001,-007
+001,-007
+001,-007
+001,-007
+001,-007
+001,-007
+001,-007
+001,-007
+001,-007
+001,-010
+001,-009
+001,-009
+001,-009
+001,-009
+001,-009
+001,-009
+001,-009
+001,-009
+001,-009
+001,-009
+001,-009
+001,-009
+001,-009
+001,-009
+001,-009
+001,-009
+001,-009
+001,-009
+001,-009
+001,-009
+001,-009
+001,-009
+001,-009
+001,-009
+001,-009
+001,-009
+001,-009
+001,-009
+001,-009
+001,-009
+001,-009
+001,-009
+001,-009
+001,-009
+001,-009
+001,-009
+001,-009
+001,-009
+001,-009
+001,-009
+001,-009
+001,-009
+001,-009
+001,-009
+001,-009
+001,-009
+001,-009
+001,-009
+001,-009
+001,-009
+001,-009
+001,-009
+001,-009
+001,-009
+001,-009
+001,-009
+001,-009
+001,-009
+001,-009
+001,-009
+001,-009
+001,-009
+001,-009
+001,-009
+001,-009
+001,-009
+001,-009
+001,-009
+001,-009
+001,-009
+001,-009
+001,-009
+001,-009
+001,-009
+001,-009
+001,-009
+001,-009
+001,-009
+001,-009
+001,-009
+001,-009
+001,-009
+001,-009
+001,-009
+001,-009
+001,-009
+001,-009
+001,-009
+001,-009
+001,-009
+001,-009
+001,-009
+001,-009
+001,-009
+001,-009
+001,-009
+003,-009
+003,-009
+003,-009
+003,-009
+003,-009
+003,-009
+003,-009
+003,-009
+003,-009
+003,-009
+003,-009
+003,-009
+003,-009
+003,-009
+003,-009
+003,-009
+003,-009
+003,-009
+003,-009
+003,-009
+003,-009
+003,-009
+003,-009
+003,-009
+003,-009
+003,-009
+003,-009
+003,-009
+003,-009
+003,-009
+003,-009
+003,-009
+003,-009
+003,-009
+003,-009
+003,-009
+003,-009
+003,-009
+003,-009
+003,-009
+003,-009
+003,-009
+003,-009
+003,-009
+003,-009
+003,-009
+003,-009
+003,-009
+003,-009
+003,-009
+003,-009
+003,-009
+003,-009
+003,-009
+003,-009
+003,-009
+003,-009
+003,-009
+003,-009
+003,-009
+003,-009
+003,-009
+003,-009
+003,-009
+003,-009
+003,-009
+003,-009
+005,-009
+005,-009
+005,-009
+005,-009
+005,-009
+005,-009
+005,-009
+005,-009
+005,-009
+005,-009
+005,-009
+005,-009
+005,-009
+005,-009
+005,-009
+005,-009
+005,-009
+005,-009
+005,-009
+005,-009
+005,-009
+005,-009
+005,-009
+005,-009
+005,-009
+005,-009
+005,-009
+005,-009
+005,-009
+005,-009
+005,-009
+005,-009
+005,-009
+005,-009
+005,-009
+005,-009
+005,-009
+005,-009
+005,-009
+005,-009
+005,-009
+005,-009
+005,-009
+005,-009
+005,-009
+005,-009
+005,-009
+005,-009
+005,-009
+005,-009
+005,-009
+005,-009
+005,-009
+005,-009
+005,-009
+005,-009
+005,-009
+005,-009
+005,-009
+005,-009
+005,-009
+005,-009
+005,-009
+005,-009
+005,-009
+005,-009
+005,-009
+005,-009
+005,-009
+005,-009
+005,-009
+005,-009
+005,-009
+005,-009
+005,-009
+005,-009
+005,-009
+005,-009
+005,-009
+005,-009
+005,-009
+005,-009
+005,-009
+005,-009
+005,-009
+005,-009
+005,-009
+005,-009
+005,-009
+005,-009
+005,-009
+005,-009
+005,-009
+005,-009
+005,-009
+005,-009
+005,-009
+005,-009
+005,-009
-006,-009
-006,-009
-006,-009
-006,-009
-006,-009
-006,-009
-006,-009
-006,-009
-006,-009
-006,-009
-006,-009
-006,-009
-006,-009
-006,-009
-006,-009
-006,-009
-006,-009
-006,-009
-006,-009
-006,-009
-006,-009
-006,-009
-006,-009
-006,-009
-006,-009
-006,-009
-006,-009
-006,-009
-006,-009
-006,-009
-006,-009
-006,-009
-006,-009
-006,-009
-006,-009
-006,-009
-006,-009
-006,-009
-006,-009
-006,-009
-006,-009
-006,-009
-006,-009
-006,-009
-006,-009
-006,-009
-006,-009
-006,-009
-006,-009
-006,-009
-006,-009
-006,-009
-006,-009
-006,-009
-006,-009
-006,-009
-006,-009
-006,-009
-006,-009
-006,-009
-006,-009
-006,-009
-006,-009
-006,-009
-006,-009
-006,-009
+004,-009
+004,-009
+004,-009
+004,-009
+004,-009
+004,-009
+004,-009
+004,-009
+004,-009
+004,-009
+004,-009
+004,-009
+004,-009
+004,-009
+004,-009
+004,-009
+004,-009
+004,-009
+004,-009
+004,-009
+004,-009
+004,-009
+004,-009
+004,-009
+004,-009
+004,-009
+004,-009
+004,-009
+004,-009
+004,-009
+004,-009
+004,-009
+004,-009
+004,-009
+004,-009
+004,-009
+004,-009
+004,-009
+004,-009
+004,-009
+004,-009
+004,-009
+004,-009
+004,-009
+004,-009
+004,-009
+004,-009
+004,-009
+004,-009
+004,-009
+004,-009
+004,-009
+004,-009
+004,-009
+004,-009
+004,-009
+004,-009
+004,-009
+004,-009
+004,-009
+004,-009
+004,-009
+004,-009
+004,-009
+004,-009
+004,-009
+004,-009
+004,-009
+004,-009
+004,-009
+004,-009
+004,-009
+005,-009
+005,-009
+005,-009
+005,-009
+005,-009
+005,-009
+005,-009
+005,-009
+005,-009
+005,-009
+005,-009
+005,-009
+005,-009
+005,-009
+005,-009
+005,-009
+005,-009
+005,-009
+005,-009
+005,-009
+005,-009
+005,-009
+005,-009
+005,-009
+005,-009
+005,-009
+005,-009
+005,-009
+005,-009
+005,-009
+005,-009
+005,-009
+005,-009
+005,-009
+005,-009
+005,-009
+005,-009
+005,-009
+005,-009
+005,-009
+005,-009
+005,-009
+005,-009
+005,-009
+005,-009
+005,-009
+005,-009
+005,-009
+005,-009
+005,-009
+005,-009
+005,-009
+005,-009
+005,-009
+005,-009
+005,-009
+005,-009
+005,-009
+005,-009
+005,-009
+005,-009
+005,-009
+005,-009
+005,-009
+005,-009
+005,-009
+005,-009
+005,-009
+005,-009
+005,-009
+005,-009
+005,-009
+005,-009
+005,-009
+005,-009
+005,-009
+005,-009
+005,-009
+005,-009
+005,-009
+005,-009
+005,-009
+005,-009
+005,-009
+005,-009
+005,-009
+005,-009
+005,-009
+005,-009
+005,-009
+005,-009
+005,-009
+005,-009
+005,-009
+005,-009
+005,-009
+005,-009
+005,-009
+005,-009
+005,-009
+005,-009
+005,-009
+005,-009
+005,-009
+005,-009
+005,-009
+005,-009
+005,-009
+005,-009
+005,-009
+005,-009
+005,-009
+005,-009
+005,-009
+005,-009
+005,-009
+005,-009
+005,-009
+005,-009
+005,-009
+005,-009
+005,-009
+005,-009
+005,-009
+005,-009
+005,-009
+005,-009
+005,-009
+005,-009
+005,-009
+005,-009
+005,-009
+005,-009
+005,-009
+005,-009
+005,-009
+005,-009
+005,-009
+005,-009
+005,-009
+005,-009
+005,-009
+005,-009
+005,-009
+005,-009
+005,-009
+005,-009
+005,-009
+005,-009
+005,-009
+005,-009
+005,-009
+005,-009
+005,-009
+005,-009
+005,-009
+005,-009
+005,-009
+005,-009
+005,-009
+005,-009
+005,-009
+005,-009
+005,-009
+005,-009
+005,-009
+005,-009
+005,-009
+005,-009
+005,-009
+005,-009
+005,-009
+005,-009
+005,-009
+005,-009
+005,-009
+005,-009
+005,-009
+005,-009
+005,-009
-006,-009
-006,-009
-006,-009
-006,-009
-006,-009
-006,-009
-006,-009
-006,-009
-006,-009
-006,-009
-006,-009
-006,-009
-006,-009
-006,-009
-006,-009
-006,-009
-006,-009
-006,-009
-006,-009
-006,-009
-006,-009
-006,-009
-006,-009
-006,-009
-006,-009
-006,-009
-006,-009
-006,-009
-006,-009
-006,-009
-006,-009
-006,-009
-006,-009
-006,-009
-006,-009
-006,-009
-006,-009
-006,-009
-006,-009
-006,-009
-006,-009
-006,-009
-006,-009
-006,-009
-006,-009
-006,-009
-006,-009
-006,-009
-006,-009
-006,-009
-006,-009
-006,-009
-006,-009
-006,-009
-006,-009
-006,-009
-006,-009
-006,-009
-006,-009
-006,-009
-006,-009
-006,-009
-006,-009
-006,-009
-006,-009
-006,-009
-006,-009
-006,-009
-006,-009
-006,-009
-006,-009
-006,-009
-006,-009
-006,-009
-006,-009
-006,-009
-006,-009
-006,-009
-006,-009
-006,-009
-006,-012
-006,-011
-006,-011
-006,-011
-006,-011
-006,-011
-006,-011
-006,-011
-006,-011
-006,-011
-006,-011
-006,-011
-006,-011
-006,-011
-006,-011
-006,-011
-006,-011
-006,-011
-006,-011
-006,-011
-006,-011
-006,-011
-006,-011
-006,-011
-006,-011
-006,-011
-006,-011
-006,-011
-006,-011
-006,-011
-006,-011
-006,-011
-006,-011
-006,-011
-006,-010
-006,-010
-006,-010
-006,-010
-006,-010
-006,-010
-006,-010
-006,-010
-006,-010
-006,-010
-006,-010
-006,-010
-006,-010
-006,-010
-006,-010
-006,-010
-006,-010
-006,-009
-006,-009
-006,-009
-006,-009
-006,-009
-006,-009
-006,-009
-006,-009
-006,-009
-006,-009
-006,-009
-006,-009
-006,-009
-006,-009
-006,-009
-006,-009
-006,-009
-006,-009
-006,-009
-006,-009
-006,-009
-006,-009
-006,-009
-006,-009
-006,-009
-006,-009
-006,-009
-006,-009
-006,-009
-006,-009
-006,-009
-006,-009
-006,-009
-006,-009
-006,-009
-006,-009
-006,-009
-006,-009
-006,-009
-006,-009
-006,-009
-006,-009
-006,-009
-006,-009
-006,-009
-006,-009
-006,-009
-006,-009
-006,-009
-006,-009
-006,-009
-006,-009
-006,-009
-006,-009
-006,-009
-006,-009
-006,-009
-006,-009
-006,-009
-006,-009
-006,-009
-006,-009
-006,-009
-006,-009
-006,-009
-006,-009
-006,-009
-006,-009
-006,-009
-006,-009
-006,-009
-006,-009
-006,-009
-006,-009
-006,-009
-006,-009
-006,-009
-006,-009
-006,-009
-006,-009
-006,-009
-006,-009
-006,-009
-006,-009
-006,-009
-006,-009
-006,-009
-006,-009
-006,-009
-006,-009
-006,-009
-006,-009
-006,-009
-006,-009
-006,-009
-006,-009
-006,-009
-006,-009
-006,-009
-006,-009
-006,-009
-006,-009
-006,-009
-006,-009
-006,-009
-006,-009
-006,-009
-006,-009
-006,-009
-006,-009
-006,-009
-006,-009
-006,-009
-006,-009
-006,-009
-006,-009
-006,-009
-006,-009
-006,-009
-006,-009
-006,-009
-006,-009
-006,-009
-006,-009
-006,-009
-006,-009
-006,-009
-006,-009
-006,-009
-006,-009
-006,-009
-006,-009
-006,-009
-006,-009
-006,-009
-006,-009
-006,-009
-006,-009
-006,-009
-006,-009
-006,-009
-006,-009
-006,-009
-006,-009
-006,-009
-006,-009
-006,-009
-006,-009
-006,-009
-006,-009
-006,-009
-006,-009
-006,-009
-006,-009
-006,-009
-006,-009
-006,-009
-006,-009
-006,-009
-006,-009
-006,-009
-006,-009
-006,-009
-006,-009
-006,-009
-006,-009
-006,-009
-006,-009
-006,-009
-006,-009
-006,-009
-006,-009
-006,-009
-006,-009
-006,-009
-006,-009
-006,-009
-006,-009
-006,-009
-006,-009
-006,-009
-006,-009
-006,-009
-006,-009
-006,-009
-006,-009
-006,-009
-006,-009
-006,-009
-006,-009
-006,-009
-006,-009
-006,-009
-006,-009
-006,-012
-006,-011
-006,-011
-006,-011
-006,-011
-006,-011
-006,-011
+004,-011
+004,-011
+004,-011
+004,-011
+004,-011
+004,-011
+004,-011
+004,-011
+004,-011
+004,-011
+004,-011
+004,-011
+004,-011
+004,-011
+004,-011
+004,-011
+004,-011
+004,-011
+004,-011
+004,-011
+004,-011
+004,-011
+004,-011
+004,-011
+004,-011
+004,-011
+004,-011
+004,-011
+004,-011
+004,-011
+004,-011
+004,-011
+004,-011
+004,-011
+004,-011
+004,-011
+004,-011
+004,-011
+004,-011
+004,-011
+004,-011
+004,-011
+004,-011
+004,-011
+004,-011
+004,-011
+004,-011
+004,-011
+004,-011
+004,-011
+004,-011
+004,-011
+004,-011
+004,-011
+004,-011
+004,-011
+004,-011
+004,-011
+004,-011
+004,-011
+004,-011
+004,-011
+004,-011
+004,-011
+004,-011
+004,-011
+004,-011
+004,-011
+004,-011
+004,-011
+004,-011
+004,-011
+004,-011
+004,-011
+004,-011
+004,-011
+004,-011
+004,-011
+004,-011
+004,-011
+004,-011
+004,-011
+004,-011
+004,-011
+004,-011
+004,-011
+004,-011
+004,-011
+004,-011
+004,-011
+004,-011
+004,-011
+004,-011
+004,-011
+004,-011
+004,-011
+004,-011
+004,-011
+004,-011
+004,-011
+004,-011
+004,-011
+004,-011
+004,-011
+004,-011
+004,-011
+004,-011
+004,-011
+004,-011
+004,-011
+004,-011
+004,-011
+004,-011
+004,-011
+004,-011
+004,-011
+004,-011
+004,-011
+004,-010
+004,-010
+004,-010
+004,-010
+004,-010
+004,-010
+004,-010
+004,-010
+004,-010
+004,-010
+004,-010
+004,-010
+004,-010
+004,-010
+004,-010
+004,-010
+004,-010
+004,-010
+004,-010
+004,-010
+004,-010
+004,-010
+004,-010
+004,-010
+004,-010
+004,-010
+004,-010
+004,-010
+004,-010
+004,-010
+004,-010
+004,-010
+004,-010
+004,-010
+004,-010
+004,-010
+004,-010
+004,-010
+004,-010
+004,-010
+004,-010
+004,-010
+004,-010
+004,-010
+004,-010
+004,-010
+004,-010
+004,-010
+004,-010
+004,-010
+004,-010
+004,-010
+004,-010
+004,-010
+004,-010
+004,-010
+004,-010
+004,-010
+004,-010
+004,-010
+004,-010
+004,-010
+004,-010
+004,-010
+004,-010
+004,-010
+004,-010
+002,-010
+002,-010
+002,-010
COP Area(S): 000102
COP Area(R): 000189