+000,-000
+001,-001
+001,-001
+001,-001
+001,-001
+001,+003
+001,+003
+001,+003
+001,+003
+001,+003
+001,+005
+001,+005
+001,+005
+001,+005
+001,+005
+001,+005
+001,+005
+001,+005
+001,+005
+001,+005
+001,+005
+001,+005
+001,+005
+001,+005
+001,+005
+001,+005
+001,+005
+001,+005
+001,+005
+003,+005
+003,+005
+003,+005
+003,+005
+003,+005
+003,+005
+003,+005
+003,+005
+003,+005
+003,+005
+003,+005
+003,+005
+003,+005
+003,+003
+003,+003
+003,+003
+003,+003
+003,+003
+003,+003
+003,+003
+003,+003
+003,+003
+003,+003
+001,+003
+001,+003
+001,+002
+001,+002
+001,+002
+001,+002
+001,+002
+001,+002
+001,+002
+001,+002
+001,+002
+001,+002
+001,+002
+001,+002
+001,+002
+001,+002
+001,+004
+001,+004
+001,+004
+001,+004
+001,+004
+001,+004
+001,+004
+001,+004
+001,+004
+001,+004
+001,+004
+001,+004
+001,+004
+001,+004
+001,+004
+001,+004
+001,+004
+001,+004
+001,+004
+001,+004
+001,+004
+001,+004
+001,+004
+001,+004
+001,+004
+001,+004
+001,+004
+001,+004
+001,+004
+001,+002
+001,+002
+001,+002
+001,+002
+001,+002
+001,+002
+001,-001
+001,-000
+001,-000
+001,-001
+001,-001
+001,-001
+001,-002
+001,-003
+001,-003
+001,-003
+001,-004
+001,-004
+001,-004
+001,-004
+001,-004
+001,-004
+001,-004
+001,-004
+001,-004
+001,-004
+001,-004
+001,-004
+001,-004
+001,-004
+001,-005
+001,-005
+001,-005
+001,-005
+001,-005
+001,-006
+001,-006
+001,-006
+001,-006
+001,-007
+001,-007
+001,-007
+001,-007
+001,-007
+001,-007
+003,-008
+003,-008
+003,-008
+003,-008
+005,-008
+005,-009
+005,-009
+005,-009
+005,-009
+005,-009
+007,-009
+007,-010
+007,-010
+007,-010
+007,-010
+007,-010
+007,-010
+007,-010
+007,-011
+007,-011
+007,-011
+007,-011
+007,-011
+007,-011
+007,-011
+007,-011
+009,-011
+009,-011
+009,-011
+009,-011
+009,-011
+009,-011
+009,-011
+009,-011
+009,-011
+009,-011
+009,-011
+009,-011
+009,-011
+009,-011
+009,-011
+009,-011
+009,-011
+009,-008
+009,-009
+007,-009
+007,-009
+007,-009
+007,-009
+007,-009
+007,-009
+007,-009
+007,-009
+007,-009
+007,-009
+007,-009
+007,-009
+007,-009
+007,-009
+007,-009
+007,-009
+007,-009
+007,-009
+007,-009
+007,-009
+007,-009
+007,-009
+007,-009
+007,-009
+007,-009
+007,-009
+007,-009
+007,-009
+007,-009
+007,-009
+007,-009
+007,-009
+007,-009
+009,-010
+009,-010
+009,-010
+009,-010
+009,-010
+009,-010
+009,-010
+009,-011
+009,-011
+009,-011
+009,-011
+009,-011
+009,-011
+009,-011
+009,-011
+011,-011
+011,-011
+011,-012
+011,-012
+011,-012
+011,-012
+011,-012
+011,-012
+011,-012
+011,-012
+011,-012
+011,-012
+011,-012
+011,-012
+011,-012
+011,-012
+011,-012
+011,-012
+011,-012
+011,-012
+011,-012
+011,-013
+011,-013
+011,-013
+011,-013
+011,-013
+011,-013
+011,-013
+011,-014
+011,-014
+011,-014
+011,-014
+011,-014
+011,-014
+011,-015
+011,-015
+011,-015
+011,-015
+011,-016
+011,-016
+011,-016
+011,-017
+011,-017
+011,-017
+011,-017
+011,-017
+011,-017
+011,-017
+011,-018
+011,-018
+011,-018
+011,-018
+011,-018
+011,-018
+011,-018
+011,-018
+011,-018
+011,-018
+011,-018
+011,-018
+011,-018
+011,-018
+011,-018
+011,-018
+011,-018
+011,-018
+011,-018
+011,-018
+011,-018
+013,-018
+013,-018
+013,-018
+013,-018
+013,-018
+013,-018
+013,-018
+013,-018
+013,-018
+013,-018
+013,-018
+013,-018
+013,-018
+013,-018
+013,-018
+014,-018
+014,-018
+014,-018
+014,-018
+014,-018
+014,-018
+014,-018
+014,-018
+014,-018
+014,-018
+014,-018
+014,-018
+014,-018
-015,-018
-015,-018
-015,-018
-015,-018
-015,-018
-015,-018
-015,-018
-015,-018
-015,-018
-015,-018
-015,-018
-015,-018
-015,-018
-015,-018
-015,-019
-015,-019
-015,-019
-015,-019
-015,-019
-015,-019
-015,-019
-015,-019
-015,-019
-016,-019
-016,-019
-016,-019
-016,-019
-016,-019
-016,-019
-016,-019
-016,-019
-016,-019
-016,-019
-016,-019
-016,-019
-016,-019
-016,-019
-016,-019
-016,-019
-016,-019
-016,-019
-016,-020
-016,-020
-016,-020
-016,-020
-016,-020
-016,-020
-016,-020
-016,-020
-016,-020
-017,-020
-017,-020
-017,-020
-017,-020
-017,-020
-017,-021
-017,-021
-017,-021
-017,-021
-017,-021
-018,-021
-018,-021
-018,-021
-018,-021
-018,-021
-018,-021
-018,-021
-018,-021
-018,-021
-018,-021
-018,-021
-018,-021
-018,-021
-019,-021
-019,-021
-019,-021
-019,-018
-019,-018
-019,-018
-019,-018
-019,-018
-019,-018
-019,-018
-019,-018
-019,-018
-019,-018
-019,-018
-019,-018
-019,-018
-019,-018
-019,-018
-019,-018
-019,-018
-019,-015
-019,-015
-019,-015
-019,-015
-019,-015
-019,-015
-019,-015
-019,-015
-019,-015
-019,-015
-019,-015
-019,-015
-019,-012
-019,-012
-019,-012
-019,-012
-019,-012
-019,-012
-019,-012
-019,-012
-019,-012
-019,-012
-019,-012
-019,-012
-019,-012
-019,-012
-019,-012
-019,-009
-019,-010
-019,-010
-019,-010
-019,-010
-019,-010
-019,-010
-019,-010
-019,-010
-019,-010
-019,-010
-019,-007
-019,-007
-019,-007
-019,-007
-019,-007
-019,-007
-019,-007
-019,-007
-016,-007
-016,-007
-016,-007
-016,-007
-016,-007
-016,-007
-016,-007
-016,-007
-016,-007
-016,-007
-016,-007
-016,-007
-016,-007
-016,-007
-016,-004
-016,-004
-016,-005
-016,-005
-016,-005
-016,-005
-016,-005
+014,-005
+014,-005
+014,-005
+014,-005
+014,-005
+014,-005
+014,-005
+014,-005
+014,-005
+014,-005
+014,-005
+014,-005
+014,-005
+014,-005
+014,-005
+014,-005
+014,-005
+014,-005
+014,-005
+014,-005
+014,-005
+014,-006
+014,-006
+014,-006
+014,-006
+012,-006
+012,-006
+012,-006
+012,-006
+012,-006
+012,-006
+012,-006
+012,-006
+012,-006
+012,-006
+012,-006
+012,-006
+012,-006
+012,-006
+012,-006
+012,-006
+012,-006
+012,-006
+012,-006
+012,-006
+012,-006
+012,-006
+012,-003
+012,-004
+012,-004
+012,-004
+012,-004
+012,-004
+012,-004
+012,-004
+012,-004
+012,-004
+012,-004
+012,-004
+012,-004
+012,-004
+012,-004
+012,-004
+012,-004
+012,-004
+010,-004
+010,-004
+010,-004
+010,-004
+010,-004
+010,-004
+010,-004
+010,-004
+010,-004
+010,-004
+008,-004
+008,-004
+008,-004
+008,-004
+008,-004
+008,-004
+008,-004
+008,-004
+008,-004
+008,-004
+008,-004
+008,-004
+008,-004
+008,-004
+006,-004
+006,-004
+006,-004
+006,-004
+006,-004
+006,-004
+006,-004
+006,-004
+006,-004
+006,-004
+006,-004
+006,-004
+006,-004
+006,-004
+006,-004
+006,-004
+006,-004
+006,-004
+006,-004
+006,-005
+006,-005
+006,-005
+006,-005
+006,-005
+006,-005
+006,-005
+006,-005
+006,-005
+006,-005
+006,-006
+006,-006
+006,-006
+006,-006
+004,-006
+004,-006
+004,-006
+004,-006
+004,-006
+004,-006
+004,-006
+004,-006
+004,-006
+004,-007
+004,-007
+004,-007
+004,-007
+002,-007
+002,-007
+002,-007
+002,-007
+002,-007
+002,-007
+002,-007
+002,-007
+002,-007
+002,-008
+002,-008
+002,-008
+002,-008
+002,-008
+002,-008
+002,-008
+002,-008
+002,-008
+002,-008
+002,-008
+002,-008
+002,-008
+002,-008
+002,-008
+002,-008
+002,-008
+002,-008
+002,-008
+002,-008
+002,-008
+002,-008
+002,-008
+002,-008
+002,-008
+002,-008
+002,-008
+000,-008
+000,-009
+000,-009
+000,-009
+000,-009
+000,-009
+000,-009
+000,-009
+000,-009
+000,-009
+000,-009
+000,-009
+000,-009
+000,-009
+000,-010
+000,-010
+000,-010
+000,-011
+000,-011
+000,-011
+000,-011
+000,-011
+000,-011
+002,-011
+002,-012
+002,-012
+002,-012
+002,-012
+002,-012
+002,-012
+002,-012
+002,-012
+002,-012
+002,-012
+002,-012
+002,-013
+002,-013
+002,-013
+002,-013
+002,-013
+002,-013
+002,-013
+002,-013
+002,-013
+002,-013
+002,-013
+002,-013
+002,-014
+002,-014
+002,-014
+002,-014
+002,-014
+002,-014
+002,-014
+002,-014
+002,-014
+002,-014
+002,-014
+002,-014
+002,-014
+002,-014
+002,-014
+002,-014
+002,-014
+002,-014
+002,-014
+002,-014
+002,-014
+002,-014
+000,-014
+000,-014
+000,-014
+000,-014
+000,-014
+000,-014
+000,-014
+000,-014
+000,-014
+000,-014
+000,-014
+000,-014
+000,-014
+000,-014
+002,-014
+002,-014
+002,-014
+002,-014
+002,-014
+002,-014
+002,-014
+002,-014
+002,-014
+002,-014
+002,-014
+002,-014
+002,-011
+002,-011
+004,-011
+004,-011
+004,-011
+004,-011
+004,-011
+004,-011
+004,-011
+004,-011
+004,-011
+004,-011
+004,-011
+006,-011
+006,-011
+006,-011
+006,-011
+006,-011
+006,-011
+006,-011
+006,-011
+006,-011
+006,-011
+006,-011
+006,-008
+006,-009
+006,-009
+006,-009
+006,-009
+006,-009
+006,-009
+006,-009
+006,-009
+006,-009
+006,-009
+006,-009
+006,-009
+006,-009
+006,-009
+006,-009
+006,-009
+006,-009
+006,-009
+006,-009
+006,-009
+006,-009
+006,-009
+006,-009
+006,-009
+006,-009
+006,-009
+006,-009
+006,-009
+006,-009
+006,-009
+006,-009
+006,-009
+006,-009
+004,-009
+004,-009
+004,-009
+004,-009
+004,-009
+004,-009
+004,-009
+004,-009
+004,-009
+004,-009
+004,-009
+004,-009
+004,-009
+004,-009
+004,-009
+004,-009
+004,-009
+004,-010
+004,-010
+004,-010
+004,-010
+004,-010
+004,-010
+004,-010
+004,-010
+004,-010
+004,-010
+004,-011
+004,-011
+004,-011
+004,-011
+004,-011
+006,-011
+006,-011
+006,-012
+006,-012
+006,-012
+006,-012
+006,-012
+006,-012
+006,-012
+006,-012
+008,-012
+008,-012
+008,-012
+008,-012
+008,-012
+008,-012
+008,-012
+008,-012
+008,-012
+008,-012
+008,-012
+008,-012
+008,-012
+008,-012
+008,-012
+008,-012
+008,-012
+008,-012
+008,-012
+008,-012
+008,-012
+008,-012
+008,-012
+008,-012
+008,-012
+008,-012
+008,-009
+008,-009
+008,-009
+008,-009
+008,-009
+008,-009
+008,-009
+008,-009
+008,-009
+008,-009
+008,-009
+008,-009
+008,-009
+008,-009
+008,-009
+008,-009
+008,-009
+008,-009
+008,-009
+008,-009
+008,-009
+008,-009
+008,-009
+008,-009
+008,-009
+008,-009
+008,-009
+008,-006
+008,-006
+008,-006
+008,-006
+008,-006
+008,-006
+008,-006
+008,-006
+008,-006
+008,-006
+008,-006
+008,-006
+008,-006
+008,-006
+008,-006
+008,-006
+008,-006
+008,-006
+008,-006
+008,-006
+008,-006
+008,-006
+008,-006
+008,-006
+008,-006
+008,-006
+008,-006
+008,-006
+008,-006
+008,-003
+008,-003
+008,-003
+008,-003
+008,-003
+008,-003
+008,-003
+008,-004
+008,-004
+008,-004
+008,-004
+008,-004
+008,-004
+008,-004
+008,-004
+008,-004
+008,-004
+008,-004
+008,-004
+008,-004
+008,-004
+008,-005
+008,-005
+008,-005
+008,-005
+008,-005
+008,-005
+008,-005
+010,-006
+010,-006
+010,-006
+010,-006
+010,-006
+010,-006
+010,-006
+010,-006
+010,-006
+010,-006
+010,-007
+010,-007
+010,-007
+010,-007
+010,-007
+010,-007
+010,-007
+010,-007
+010,-007
+010,-008
+010,-008
+010,-008
+010,-008
+010,-008
+010,-008
+010,-008
+010,-008
+010,-008
+010,-008
+010,-009
+010,-009
+010,-009
+010,-009
+010,-009
+010,-009
+008,-009
+008,-009
+008,-009
+008,-009
+008,-009
+008,-009
+008,-009
+008,-009
+008,-009
+008,-009
+008,-009
+008,-009
+008,-009
+008,-009
+008,-009
+008,-009
+008,-009
+008,-009
+008,-010
+008,-010
+008,-010
+008,-010
+008,-010
+008,-010
+008,-010
+008,-010
+008,-010
+008,-010
+008,-010
+008,-010
+008,-010
+008,-010
+008,-010
+008,-010
+008,-010
+008,-010
+008,-010
+008,-010
+008,-010
+008,-010
+008,-011
+008,-011
+008,-011
+008,-011
+008,-011
+008,-011
+008,-011
+008,-011
+008,-011
+008,-011
+008,-011
+008,-011
+008,-011
+010,-011
+010,-011
+010,-011
+010,-011
+010,-011
+010,-011
+010,-011
+010,-011
+010,-011
+010,-011
+010,-011
+010,-011
+010,-011
+010,-011
+010,-011
+010,-011
+010,-011
+010,-011
+010,-011
+010,-011
+010,-011
+010,-011
+010,-011
+010,-011
+010,-011
+010,-011
+010,-011
+010,-011
+010,-011
+010,-011
+010,-011
+010,-011
+010,-011
+010,-011
+010,-011
+008,-011
+008,-011
+008,-011
+008,-011
+008,-011
+008,-011
+008,-011
+008,-011
+008,-011
+008,-011
+008,-011
+008,-011
+008,-011
+006,-011
+006,-011
+006,-011
+006,-011
+006,-011
+006,-011
+006,-011
+006,-011
+006,-011
+006,-011
+006,-011
+006,-011
+006,-011
+006,-011
+006,-011
+006,-011
+006,-011
+006,-011
+006,-011
+006,-011
+004,-011
+004,-011
+004,-011
+004,-011
+004,-011
+004,-011
+004,-011
+004,-011
+004,-011
+004,-011
+004,-011
+004,-011
+004,-011
+004,-011
+004,-011
+004,-011
+004,-011
+004,-011
+004,-011
+004,-011
+004,-011
+004,-011
+004,-011
+004,-012
+004,-012
+004,-012
+004,-012
+002,-012
+002,-012
+002,-012
+002,-012
+002,-012
+002,-012
+002,-012
+002,-012
+002,-012
+002,-012
+002,-012
+002,-012
+002,-012
+002,-012
+002,-012
+002,-012
+002,-012
+002,-012
+002,-012
+002,-012
+002,-012
+002,-012
+002,-012
+002,-013
+002,-013
+002,-013
+002,-013
+002,-013
+002,-013
+002,-013
+002,-013
+002,-013
+002,-013
+002,-013
+002,-013
+002,-013
+002,-013
+002,-013
+002,-013
+002,-013
+002,-013
+002,-013
+002,-013
+002,-013
+002,-013
+002,-013
+002,-013
+002,-013
+002,-013
+002,-013
+002,-013
+002,-013
+002,-013
+002,-013
+002,-013
+002,-013
+002,-013
+002,-013
+002,-013
+002,-013
+002,-013
+002,-013
+002,-013
+002,-013
+002,-013
+002,-013
+002,-013
+002,-013
+002,-013
+002,-013
+002,-013
+002,-013
+002,-013
+002,-013
+002,-013
+002,-010
+002,-011
+002,-011
+002,-011
+002,-011
+002,-011
+002,-011
+002,-011
+002,-011
+002,-011
+002,-011
+002,-011
+002,-011
+002,-011
+002,-011
+002,-011
+002,-011
+002,-011
+002,-011
+002,-011
+002,-011
+002,-011
+002,-011
+002,-011
+002,-011
+002,-011
+002,-011
+000,-011
+000,-011
+000,-011
+000,-011
+000,-011
+000,-011
+000,-011
+000,-011
+000,-011
+000,-011
+000,-011
+000,-011
+000,-011
+000,-011
+000,-011
+000,-011
+000,-011
+000,-011
+000,-011
+000,-011
+000,-011
+000,-011
+000,-008
+000,-009
+000,-009
+000,-009
+000,-009
+000,-009
+000,-009
+000,-009
+000,-009
+000,-009
+000,-009
+000,-009
+000,-009
+000,-009
+000,-009
+000,-009
+000,-009
+000,-009
+000,-009
+000,-009
+000,-009
+000,-009
+000,-009
+000,-009
+000,-009
+000,-009
+000,-009
+000,-009
+000,-009
+000,-009
+000,-009
+000,-009
+000,-009
+000,-009
+000,-009
+000,-009
+000,-009
+000,-009
+000,-009
+000,-009
+000,-009
+000,-009
+000,-010
+000,-010
+000,-010
+000,-010
+000,-010
+002,-010
+002,-010
+002,-010
+002,-010
+002,-010
+002,-010
+002,-010
+002,-010
+002,-010
+002,-010
+002,-010
+002,-010
+002,-010
+002,-010
+002,-010
+002,-010
+002,-010
+002,-010
+002,-010
+002,-010
+002,-010
+002,-010
+002,-010
+002,-010
+002,-010
+002,-010
+002,-010
+002,-010
+002,-010
+002,-010
+002,-010
+002,-010
+002,-010
+002,-010
+004,-010
+004,-010
+004,-010
+004,-010
+004,-010
+004,-010
+004,-010
+004,-010
+004,-010
+004,-010
+004,-010
+004,-010
+006,-010
+006,-010
+006,-010
+006,-010
+006,-010
+006,-010
+006,-010
+006,-010
+006,-010
+006,-010
+006,-010
+006,-010
+008,-010
+008,-010
+008,-010
+008,-010
+008,-010
+008,-010
+008,-010
+008,-010
+008,-010
+008,-010
+008,-010
+008,-010
+008,-010
+008,-010
+008,-010
+010,-010
+010,-010
+010,-010
+010,-010
+010,-010
+010,-010
+010,-010
+010,-010
+010,-010
+010,-011
+010,-011
+010,-011
+012,-012
+012,-012
+012,-012
+012,-012
+012,-012
+012,-012
+012,-012
+012,-013
+012,-013
+012,-013
+012,-013
+012,-013
+014,-013
+014,-013
+014,-014
+014,-014
+014,-014
+014,-014
+014,-014
+014,-014
+014,-014
+014,-014
+014,-014
+014,-014
+014,-014
+014,-014
+014,-014
+014,-014
+014,-014
+014,-014
+014,-014
+014,-014
-015,-014
-015,-014
-015,-014
-015,-014
-015,-014
-015,-014
-015,-014
-015,-014
-015,-014
-015,-014
-015,-014
-015,-014
-015,-014
-015,-014
-015,-014
-015,-014
-015,-014
-015,-014
-015,-014
-015,-014
-015,-014
-015,-014
-015,-014
-015,-014
-015,-014
+013,-014
+013,-014
+013,-014
+013,-014
+013,-015
+013,-015
+013,-015
+013,-015
+013,-015
+013,-015
+013,-016
+013,-016
+013,-016
+013,-016
+013,-016
+013,-016
+013,-016
+013,-016
+013,-016
+013,-017
+011,-017
+011,-017
+011,-017
+011,-017
+011,-017
+011,-017
+011,-018
+011,-018
+011,-018
+011,-018
+011,-018
+011,-019
+011,-019
+011,-019
+011,-019
+011,-020
+009,-020
+009,-021
+009,-021
+009,-021
+009,-022
+009,-022
+009,-022
+009,-022
+009,-023
+009,-023
+009,-024
+007,-025
+007,-025
+007,-026
+007,-027
+007,-027
+007,-028
+007,-029
+007,-029
+007,-029
+007,-030
+007,-030
+007,-031
+007,-031
+007,-032
+007,-032
+007,-032
+007,-033
+007,-033
+007,-033
+007,-034
+007,-034
+007,-034
+007,-036
+007,-036
+007,-036
+007,-037
+007,-037
+007,-037
+007,-037
+007,-038
+007,-038
+007,-038
+007,-039
+007,-039
+007,-039
+007,-040
+007,-040
+007,-040
+007,-040
+007,-041
+007,-041
+007,-041
+007,-041
+007,-041
+007,-041
+007,-041
+007,-042
+007,-042
+007,-042
+007,-042
+007,-042
+007,-042
+007,-043
+007,-043
+007,-043
+007,-043
+007,-044
+007,-044
+007,-044
+007,-044
+007,-044
+007,-044
+007,-044
+007,-044
+007,-044
+007,-044
+007,-044
+007,-044
+007,-044
+005,-044
+005,-044
+005,-044
+005,-044
+005,-044
+005,-044
+005,-044
+005,-044
+005,-041
+005,-041
+005,-041
+005,-041
+005,-041
+003,-038
+003,-038
+003,-038
+003,-038
+003,-038
+003,-038
+003,-038
+003,-038
+003,-038
+003,-038
+001,-038
+001,-038
+001,-038
+001,-038
+001,-038
+001,-038
+001,-038
+001,-038
+001,-038
+001,-038
+001,-038
+003,-038
+003,-039
+003,-039
+005,-039
+005,-039
+005,-039
+005,-040
+005,-040
+005,-040
+007,-040
+007,-040
+007,-040
+007,-040
+007,-040
+007,-040
+007,-040
+007,-040
+007,-040
+007,-040
+007,-040
+007,-040
+007,-040
+007,-040
+007,-040
+007,-040
+007,-040
+007,-040
+007,-040
+007,-037
+007,-037
+007,-037
+007,-037
+007,-037
+007,-037
+007,-037
+007,-037
+007,-037
+007,-037
+007,-037
+007,-037
+007,-037
+005,-037
+005,-037
+003,-037
+003,-037
+003,-037
+003,-037
+003,-037
+001,-037
+001,-037
+001,-037
+001,-037
+001,-037
+001,-038
+001,-038
+001,-038
+001,-039
+001,-039
+003,-039
+003,-039
+003,-040
+003,-040
+003,-040
+003,-040
+003,-040
+003,-040
+003,-040
+003,-040
+005,-040
+005,-040
+005,-041
+005,-041
+005,-041
+005,-041
+005,-041
+005,-041
+005,-042
+005,-042
+005,-042
+005,-042
+005,-043
+005,-043
+005,-043
+007,-044
+009,-045
+009,-045
+009,-046
+009,-046
+009,-046
+009,-047
+009,-047
+009,-047
+011,-047
+011,-047
+011,-047
+011,-047
+011,-048
+011,-048
+011,-048
+011,-048
+011,-048
+011,-048
+011,-048
+011,-048
+011,-048
+011,-048
+011,-048
+011,-048
+013,-048
+013,-048
+013,-048
+013,-048
+013,-048
+013,-048
+013,-048
+014,-048
+014,-048
+014,-048
-015,-048
-015,-048
-015,-048
-016,-048
-016,-048
-016,-048
-017,-048
-017,-048
-018,-048
-018,-048
-019,-048
-019,-048
-019,-048
-020,-048
-020,-048
-021,-048
-021,-048
-021,-048
-022,-049
-022,-049
-023,-049
-023,-049
-024,-049
-024,-049
-025,-049
-025,-049
-025,-049
-026,-049
-026,-049
-026,-049
-026,-049
-026,-049
-026,-049
-026,-049
-026,-049
-027,-049
-027,-049
-027,-049
-027,-049
-027,-049
-028,-049
-028,-049
-028,-049
-028,-049
-028,-049
-028,-049
-028,-049
-028,-049
-028,-050
-028,-050
-028,-050
-028,-051
-028,-051
-028,-051
-028,-051
-028,-053
-028,-053
-028,-053
-028,-053
-028,-053
-028,-053
-028,-054
-028,-055
-028,-055
-028,-055
-028,-055
-028,-056
-028,-056
-028,-057
-028,-058
-028,-058
-028,-058
-028,-059
-028,-059
-028,-059
-028,-059
-029,-059
-029,-059
-029,-059
-029,-059
-029,-059
-029,-059
-029,-059
-029,-059
-029,-059
-030,-059
-030,-059
-030,-059
-030,-059
-030,-059
-030,-059
-030,-059
-030,-059
-031,-059
-031,-059
-031,-059
-031,-059
-031,-059
-031,-059
-031,-059
-031,-059
-031,-059
-031,-059
-031,-059
-031,-059
-031,-059
-031,-059
-031,-059
-031,-059
-031,-059
-031,-059
-031,-059
-031,-059
-031,-056
-031,-056
-031,-056
-031,-056
-031,-056
-031,-056
-031,-056
-031,-056
-031,-056
-031,-056
-031,-053
-031,-053
-031,-053
-031,-053
-031,-053
-028,-053
-028,-053
-028,-053
-028,-053
-028,-053
-028,-050
-028,-050
-028,-050
-028,-050
-028,-050
-025,-050
-025,-050
-025,-050
-025,-050
-025,-050
-025,-047
-025,-047
-025,-048
-025,-048
-025,-048
-025,-048
-025,-048
-025,-048
-025,-048
-025,-048
-025,-048
-025,-048
-025,-048
-025,-048
-025,-045
-022,-046
-022,-046
-022,-046
-022,-046
-022,-046
-022,-046
-022,-046
-022,-046
-022,-046
-022,-046
-022,-046
-022,-046
-022,-046
-022,-046
-022,-046
-022,-046
-022,-046
-022,-047
-022,-047
-022,-047
-022,-048
-022,-048
-022,-048
-022,-048
-022,-049
-022,-049
-022,-050
-022,-050
-022,-051
-023,-051
-023,-052
-023,-052
-023,-053
-023,-053
-023,-054
-024,-054
-024,-054
-024,-055
-024,-055
-024,-055
-024,-056
-024,-056
-024,-056
-024,-056
-024,-056
-024,-056
-024,-056
-024,-057
-024,-057
-024,-057
-024,-058
-024,-058
-024,-058
-024,-058
-024,-058
-024,-059
-024,-059
-024,-059
-024,-059
-024,-059
-024,-059
-024,-059
-024,-059
-021,-059
-021,-059
-021,-059
-021,-059
-021,-059
-021,-059
-021,-059
-021,-059
-018,-059
-018,-059
-018,-059
-018,-059
-018,-059
-018,-059
-015,-059
-015,-056
-015,-056
-015,-056
-015,-056
-015,-056
-015,-056
-015,-056
-015,-056
+013,-056
+013,-053
+013,-053
+013,-053
+013,-053
+013,-053
+013,-053
+011,-053
+011,-053
+011,-053
+011,-053
+011,-053
+011,-053
+011,-053
+011,-053
+011,-053
+011,-053
+011,-053
+011,-053
+011,-053
+011,-053
+009,-053
+009,-053
+009,-053
+009,-053
+009,-053
+009,-053
+009,-053
+009,-053
+009,-053
+009,-053
+009,-053
+009,-053
+009,-053
+011,-053
+011,-053
+011,-053
+011,-053
+011,-053
+011,-053
+011,-053
+011,-053
+011,-053
+011,-053
+011,-053
+011,-053
+011,-050
+011,-050
+011,-050
+011,-050
+011,-050
+011,-050
+011,-050
+013,-047
+013,-047
+013,-047
+013,-044
+013,-044
+013,-044
+013,-041
+013,-041
+013,-037
+013,-037
+013,-034
+013,-034
+013,-034
+014,-031
+014,-031
+014,-031
+014,-028
-015,-028
-015,-028
-015,-025
-015,-025
-015,-022
-015,-022
-015,-022
-015,-018
-015,-018
-015,-018
-015,-015
+013,-015
+013,-012
+013,-012
+013,-012
+013,-008
+011,-008
+011,-008
+011,-005
+011,-005
+011,-002
+009,-002
+009,-002
+009,-002
+009,-001
+009,-001
+009,-001
+009,-001
+007,+003
+007,+003
+007,+003
+007,+003
+007,+003
+007,+005
+005,+005
+005,+005
+005,+005
+005,+005
+005,+005
+005,+005
+005,+005
+005,+005
+005,+007
+005,+007
+005,+007
+005,+007
+005,+007
+005,+007
+005,+007
+005,+007
+003,+007
+003,+007
+003,+007
+003,+009
+003,+009
+003,+009
+003,+009
+003,+011
+003,+011
+003,+011
+003,+013
+001,+013
+001,+013
+001,+015
+001,+017
+001,+017
+001,+019
+001,+021
+001,+021
+001,+024
+001,+026
+001,+028
+001,+028
+001,+031
+001,+031
+001,+033
+001,+035
+001,+037
+001,+039
+001,+041
+001,+043
+001,+043
+001,+045
+001,+047
+003,+047
+003,+049
+003,+049
+003,+051
+003,+051
+003,+053
+003,+053
+003,+055
+003,+055
+003,+055
+003,+057
+003,+057
+003,+057
+003,+057
+003,+059
+003,+059
+003,+061
+003,+061
+003,+061
+003,+061
+003,+061
+003,+061
+001,+061
+001,+063
+001,+063
+001,+063
+001,+063
+001,+063
+001,+063
+001,+063
+001,+063
+001,+063
+001,+065
+001,+065
+001,+065
+001,+065
+001,+065
+003,+065
+003,+065
+003,+065
+003,+065
+005,+065
+005,+065
+005,+065
+005,+065
+007,+065
+007,+065
+009,+065
+009,+065
+009,+063
+011,+063
+013,+061
+013,+059
+014,+059
-015,+059
-015,+059
-016,+057
-017,+057
-018,+055
-020,+055
-021,+052
-022,+052
-024,+050
-025,+048
-026,+046
-027,+046
-028,+043
-029,+041
-029,+041
-030,+038
-031,+038
-031,+035
-031,+035
-031,+033
-032,+033
-032,+031
-032,+031
-032,+029
-033,+029
-033,+029
-033,+029
-033,+029
-034,+027
-034,+027
-034,+027
-035,+027
-035,+027
-035,+027
-036,+027
-036,+027
-036,+027
-036,+027
-036,+027
-036,+027
-036,+025
-036,+025
-036,+025
-036,+025
-036,+025
-036,+025
-037,+023
-037,+023
-037,+023
-037,+021
-037,+021
-037,+019
-037,+019
-037,+017
-038,+017
-038,+017
-038,+014
-038,+014
-039,+012
-039,+012
-039,+010
-040,+010
-040,+010
-040,+008
-041,+006
-042,+006
-042,+004
-043,+004
-044,+002
-044,+002
-044,-001
-044,-000
-044,-000
-044,-001
-044,-002
-045,-004
-047,-007
-047,-008
-048,-009
-049,-010
-049,-012
-049,-013
-049,-015
-049,-016
-049,-018
-049,-019
-049,-021
-050,-023
-050,-024
-050,-025
-050,-027
-051,-029
-051,-030
-051,-031
-051,-032
-051,-033
-051,-034
-051,-036
-051,-036
-052,-037
-052,-038
-052,-038
-052,-039
-052,-041
-052,-041
-052,-042
-052,-043
-052,-045
-052,-046
-052,-047
-052,-048
-052,-048
-052,-049
-052,-050
-052,-050
-052,-051
-052,-052
-052,-053
-052,-053
-052,-054
-049,-055
-049,-055
-049,-056
-049,-057
-049,-058
-049,-058
-049,-058
-049,-059
-049,-059
-049,-060
-049,-060
-046,-060
-046,-061
-046,-061
-046,-061
-046,-061
-043,-062
-043,-062
-043,-062
-043,-062
-040,-062
-040,-062
-040,-062
-040,-062
-040,-062
-037,-062
-037,-062
-037,-063
-037,-063
-037,-063
-037,-063
-034,-063
-034,-063
-034,-064
-034,-064
-031,-064
-031,-064
-031,-064
-031,-064
-028,-064
-028,-064
-028,-064
-028,-064
-028,-064
-025,-064
-025,-061
-025,-062
-025,-062
-025,-062
-022,-062
-022,-062
-022,-062
-022,-062
-019,-062
-019,-062
-019,-059
-019,-059
-019,-059
-016,-059
-016,-056
-016,-056
-016,-056
+014,-056
+014,-056
+010,-056
+010,-056
+008,-056
+008,-056
+008,-056
+006,-056
+006,-056
+006,-056
+003,-053
+000,-053
+000,-053
+000,-053
+002,-053
+002,-053
+002,-053
+002,-053
+004,-053
+004,-053
+004,-053
+006,-053
+006,-053
+006,-053
+008,-053
+008,-053
+008,-053
+008,-053
+008,-053
+010,-053
+010,-050
+010,-050
+010,-050
+010,-050
+010,-050
+010,-051
+010,-051
+010,-051
+010,-051
+010,-051
+008,-051
+008,-051
+008,-051
+008,-051
+008,-051
+008,-051
+008,-051
+008,-051
+008,-051
+008,-048
+008,-048
+008,-048
+008,-048
+008,-048
+008,-048
+008,-048
+008,-048
+008,-048
+008,-048
+008,-048
+008,-045
+008,-045
+008,-045
+008,-045
+008,-045
+008,-045
+008,-045
+010,-045
+010,-045
+010,-045
+010,-045
+010,-045
+010,-042
+010,-042
+010,-042
+010,-042
+010,-042
+010,-042
+012,-042
+012,-039
+012,-039
+012,-039
+012,-039
+012,-036
+014,-036
+014,-036
+014,-033
+014,-033
+014,-033
+016,-030
+016,-030
+016,-030
+018,-030
+018,-026
+018,-026
+020,-026
+020,-023
+020,-023
+023,-023
+023,-019
+023,-019
+025,-016
+025,-016
+025,-011
+025,-011
+027,-007
+027,-007
+029,-004
+029,-004
+031,-001
+031,-001
+033,-001
+033,+002
+033,+002
+033,+002
+033,+002
+035,+004
+035,+004
+035,+007
+037,+007
+037,+009
+039,+009
+039,+011
+039,+011
+039,+013
+039,+013
+039,+015
+039,+015
+039,+015
+039,+017
+039,+017
+039,+017
+039,+017
+041,+019
+041,+019
+041,+019
+041,+019
+041,+019
+041,+019
+041,+019
+041,+021
+041,+021
+041,+021
+041,+021
+041,+023
+041,+023
+041,+023
+041,+023
+041,+023
+041,+023
+041,+025
+041,+025
+041,+025
+041,+025
+041,+025
+041,+025
+041,+025
+041,+027
+041,+027
+041,+027
+041,+027
+041,+027
+041,+027
+039,+027
+039,+027
+039,+027
+039,+027
+039,+027
+039,+027
+037,+027
+037,+027
+037,+027
+035,+027
+035,+027
+035,+025
+033,+025
+033,+025
+033,+025
+033,+025
+031,+025
+031,+025
+031,+025
+029,+025
+029,+025
+027,+025
+027,+023
+027,+023
+024,+023
+024,+023
+022,+023
+022,+023
+020,+023
+020,+023
+016,+020
+016,+020
+014,+020
+014,+020
+012,+020
+012,+020
+012,+020
+010,+020
+010,+020
+007,+020
+007,+020
+007,+020
+004,+020
+004,+020
+001,+020
+001,+020
+002,+020
+004,+020
+004,+020
+007,+018
+009,+018
+009,+018
+011,+018
+013,+018
+014,+018
-015,+018
-017,+018
-019,+018
-020,+018
-021,+018
-023,+020
-025,+020
-026,+020
-027,+020
-029,+020
-031,+020
-032,+020
-034,+020
-035,+020
-037,+020
-038,+020
-039,+018
-041,+018
-042,+018
-043,+018
-044,+018
-045,+018
-046,+018
-046,+018
-047,+018
-048,+018
-048,+018
-048,+018
-048,+018
-049,+018
-049,+018
-050,+018
-050,+018
-051,+018
-051,+018
-051,+018
-051,+018
-052,+016
-052,+016
-052,+016
-053,+016
-053,+016
-053,+016
-054,+016
-054,+014
-055,+014
-055,+014
-056,+014
-056,+014
-056,+014
-057,+014
-057,+014
-057,+012
-058,+012
-059,+012
-059,+012
-059,+012
-060,+010
-060,+010
-060,+010
-060,+010
-060,+010
-060,+010
-060,+010
-061,+008
-061,+008
-063,+005
-064,+005
-064,+003
-065,+003
-065,+002
-066,-001
-066,-000
-066,-001
-066,-002
-067,-003
-067,-004
-067,-005
-068,-006
-068,-007
-068,-008
-068,-008
-069,-009
-069,-010
-070,-011
-070,-012
-070,-013
-070,-014
-070,-015
-071,-016
-071,-017
-071,-018
-071,-018
-071,-020
-071,-021
-072,-022
-072,-023
-072,-024
-072,-024
-072,-025
-072,-025
-072,-026
-072,-026
-072,-027
-072,-027
-072,-027
-072,-027
-072,-027
-072,-027
-072,-027
-072,-028
-072,-028
-072,-028
-072,-029
-072,-029
-072,-029
-072,-029
-072,-029
-072,-029
-072,-029
-072,-030
-072,-030
-072,-030
-072,-031
-072,-031
-072,-031
-072,-032
-072,-032
-072,-032
-072,-032
-072,-033
-069,-033
-069,-033
-069,-034
-069,-034
-069,-035
-069,-035
-069,-036
-069,-036
-069,-036
-069,-037
-066,-037
-066,-037
-066,-038
-066,-038
-066,-038
-063,-038
-063,-039
-063,-039
-063,-039
-060,-040
-060,-040
-060,-040
-060,-041
-057,-041
-057,-041
-054,-041
-054,-041
-051,-041
-051,-041
-051,-041
-047,-041
-047,-041
-044,-041
-044,-041
-044,-041
-041,-042
-041,-042
-041,-042
-038,-042
-038,-042
-038,-042
-035,-042
-035,-042
-032,-042
-032,-042
-029,-042
-029,-042
-026,-042
-026,-042
-023,-039
-023,-039
-020,-039
-020,-039
-020,-039
-015,-036
-015,-036
-015,-036
+013,-036
+013,-036
+011,-036
+011,-033
+009,-033
+007,-033
+007,-033
+005,-030
+003,-030
+001,-030
+001,-030
+001,-030
+001,-027
+003,-027
+003,-027
+005,-027
+005,-024
+007,-024
+007,-024
+009,-024
+009,-024
+009,-024
+011,-021
+011,-021
+011,-021
+011,-021
+013,-021
+013,-021
+013,-021
+013,-021
+013,-021
+015,-018
+015,-018
+015,-018
+015,-018
+015,-018
+015,-018
+015,-018
+015,-018
+015,-018
+015,-018
+015,-018
+015,-019
+015,-019
+015,-019
+015,-019
+015,-020
+015,-020
+015,-021
+013,-022
+013,-022
+013,-022
+013,-023
+013,-023
+011,-023
+011,-024
+011,-025
+011,-025
+011,-025
+009,-026
+009,-026
+007,-027
+007,-027
+007,-028
+007,-028
+007,-029
+005,-030
+005,-030
+005,-031
+005,-031
+003,-031
+003,-031
+003,-032
+003,-032
+001,-032
+001,-033
+001,-033
+001,-033
+001,-033
+001,-034
+001,-034
+001,-034
+001,-034
+001,-034
+001,-034
+001,-034
+001,-034
+001,-034
+001,-034
+001,-034
+001,-034
+001,-034
+001,-031
+001,-031
+001,-031
+001,-031
+001,-031
+001,-031
+003,-028
+003,-028
+003,-028
+005,-025
+005,-025
+007,-025
+007,-021
+007,-021
+009,-018
+009,-018
+009,-015
+009,-015
+011,-012
+011,-012
+013,-012
+013,-008
+013,-008
+015,-005
+015,-005
+015,-005
+015,-001
+015,-001
+017,-001
+017,+002
+017,+002
+017,+002
+017,+004
+019,+004
+019,+006
+019,+006
+019,+008
+019,+008
+019,+010
+019,+010
+019,+010
+019,+012
+019,+012
+019,+012
+019,+012
+019,+014
+019,+014
+019,+014
+019,+014
+019,+014
+019,+014
+019,+016
+017,+016
+017,+016
+017,+016
+017,+018
+017,+018
+017,+018
+017,+020
+017,+020
+017,+022
+017,+022
+017,+022
+017,+024
+017,+024
+017,+024
+017,+024
+017,+026
+015,+026
+015,+026
+015,+026
+015,+026
+013,+026
+013,+026
+011,+026
+011,+026
+011,+026
+009,+026
+009,+026
+007,+028
+007,+028
+007,+028
+007,+028
+005,+028
+005,+028
+005,+030
+003,+030
+003,+030
+001,+030
+001,+030
+001,+030
+001,+030
+001,+030
+003,+030
+003,+030
+005,+028
+005,+028
+007,+028
+007,+028
+007,+028
+009,+028
+009,+028
+011,+028
+011,+026
+011,+026
+011,+026
+011,+026
+011,+026
+013,+026
+013,+026
+013,+024
+013,+024
+014,+024
+014,+024
+014,+024
+014,+024
-015,+021
-016,+021
-016,+021
-016,+021
-016,+019
-017,+019
-017,+019
-017,+017
-017,+017
-017,+017
-018,+015
-018,+015
-018,+013
-018,+013
-018,+013
-018,+011
-018,+011
-019,+011
-019,+009
-019,+009
-019,+009
-019,+007
-020,+007
-020,+007
-020,+005
-020,+005
-020,+005
-021,+003
-021,+003
-021,+003
-021,+002
-021,-001
-022,-000
-022,-001
-022,-002
-023,-002
-023,-003
-024,-004
-024,-005
-024,-006
-025,-007
-025,-008
-026,-009
-027,-010
-027,-011
-027,-012
-027,-012
-028,-013
-028,-013
-028,-014
-028,-014
-029,-015
-030,-017
-032,-018
-032,-019
-033,-019
-033,-020
-034,-020
-034,-020
-035,-021
-035,-021
-035,-022
-036,-022
-036,-022
-036,-023
-037,-023
-037,-023
-037,-023
-038,-023
-038,-023
-039,-023
-039,-024
-039,-024
-040,-024
-040,-025
-040,-025
-040,-025
-040,-025
-040,-025
-041,-025
-041,-025
-041,-025
-041,-025
-042,-026
-042,-026
-042,-026
-042,-026
-043,-027
-043,-027
-043,-027
-043,-027
-043,-027
-043,-027
-043,-028
-043,-028
-043,-028
-044,-028
-044,-028
-044,-029
-044,-029
-044,-029
-044,-029
-044,-029
-045,-029
-045,-029
-045,-030
-045,-030
-045,-030
-045,-030
-045,-030
-045,-030
-045,-030
-045,-030
-045,-030
-045,-030
-045,-030
-045,-030
-045,-030
-045,-030
-045,-030
-045,-030
-045,-031
-045,-031
-045,-031
-045,-031
-045,-031
-045,-031
-045,-031
-045,-031
-045,-031
-045,-031
-045,-031
-045,-031
-045,-031
-045,-031
-045,-031
-045,-031
-045,-031
-045,-031
-045,-031
-045,-031
-045,-032
-045,-032
-045,-032
-045,-032
-042,-032
-043,-032
-043,-032
-043,-032
-043,-032
-043,-032
-043,-032
-043,-032
-043,-032
-043,-032
-043,-032
-040,-032
-040,-032
-040,-032
-040,-032
-040,-032
-040,-032
-040,-032
-040,-032
-040,-032
-040,-032
-040,-032
-040,-032
-040,-032
-040,-032
-040,-032
-040,-032
-040,-032
-040,-032
-040,-032
-037,-032
-037,-032
-037,-032
-037,-032
-037,-032
-037,-032
-037,-032
-037,-032
-037,-029
-037,-030
-034,-030
-034,-030
-034,-030
-034,-030
-034,-030
-034,-030
-031,-030
-031,-027
-031,-027
-031,-027
-031,-027
-031,-027
-031,-027
-028,-027
-028,-024
-028,-024
-028,-024
-028,-024
-024,-020
-024,-020
-024,-020
-024,-020
-024,-020
-024,-020
-024,-020
-024,-020
-024,-020
-021,-020
-021,-020
-021,-020
-021,-017
-018,-017
-018,-017
-018,-017
-018,-017
-018,-017
-015,-017
-015,-017
-015,-014
-015,-014
-015,-014
-015,-014
-015,-014
+013,-014
+013,-014
+013,-011
+013,-011
+011,-011
+011,-011
+011,-011
+009,-011
+009,-011
+009,-011
+007,-011
+007,-011
+007,-008
+005,-008
+005,-008
+005,-008
+003,-008
+003,-008
+003,-008
+001,-008
+001,-008
+001,-008
+001,-008
+001,-008
+001,-008
+001,-008
+001,-005
+003,-006
+003,-006
+003,-006
+005,-006
+005,-006
+005,-006
+005,-006
+007,-006
+007,-006
+007,-006
+009,-006
+009,-003
+009,-003
+009,-003
+009,-003
+011,-003
+011,-003
+011,-003
+011,-003
+011,-003
+011,-003
+011,-003
+011,-003
+011,-003
+011,-003
+011,-003
+011,-003
+013,-003
+013,-003
+013,-003
+013,-003
+013,-003
+013,-003
+013,-003
+013,-003
+013,-003
+015,-003
+015,-003
+015,-000
+015,-000
+015,-000
+015,-000
+015,-000
+015,-000
+015,-000
+015,-000
+015,-000
+017,-000
+017,+002
+017,+002
+017,+002
+017,+002
+017,+002
+017,+002
+017,+004
+017,+004
+019,+004
+019,+004
+019,+006
+019,+006
+019,+006
+019,+006
+019,+006
+019,+006
+019,+006
+021,+006
+021,+006
+021,+008
+021,+008
+021,+008
+021,+008
+021,+008
+023,+008
+023,+008
+023,+010
+023,+010
+023,+010
+023,+010
+023,+010
+023,+010
+023,+010
+023,+010
+023,+010
+025,+010
+025,+010
+025,+010
+025,+010
+025,+010
+025,+010
+025,+010
+025,+010
+025,+010
+025,+010
+025,+010
+025,+010
+025,+010
+025,+010
+025,+010
+025,+010
+025,+010
+025,+010
+025,+010
+025,+010
+025,+010
+025,+010
+025,+010
+025,+010
+025,+010
+025,+010
+025,+010
+025,+010
+025,+010
+023,+010
+023,+010
+023,+010
+023,+010
+023,+010
+023,+010
+023,+010
+023,+010
+023,+010
+023,+010
+023,+010
+023,+010
+023,+010
+023,+010
+023,+010
+023,+010
+023,+010
+023,+010
+023,+010
+023,+010
+021,+010
+021,+010
+021,+010
+021,+010
+021,+010
+021,+010
+021,+010
+019,+010
+019,+010
+019,+008
+019,+008
+019,+008
+019,+008
+017,+006
+017,+006
+017,+006
+017,+006
+015,+006
+015,+004
+015,+004
+015,+004
+013,+002
+011,+002
+011,+002
+011,-001
+009,-000
+007,-001
+007,-001
+005,-002
+005,-002
+002,-003
+002,-004
+000,-005
+000,-005
+002,-006
+002,-007
+004,-008
+006,-008
+006,-009
+008,-009
+010,-010
+010,-011
+012,-012
+014,-012
+014,-013
-016,-014
-017,-015
-018,-015
-020,-016
-021,-016
-022,-016
-023,-017
-023,-017
-024,-017
-025,-017
-028,-020
-029,-021
-030,-021
-031,-022
-032,-022
-033,-022
-033,-023
-035,-024
-035,-024
-035,-024
-037,-025
-037,-025
-038,-025
-039,-025
-039,-026
-040,-026
-040,-026
-041,-026
-041,-027
-042,-027
-042,-028
-042,-028
-043,-028
-043,-028
-043,-028
-043,-029
-044,-029
-044,-029
-044,-029
-045,-029
-045,-030
-045,-030
-046,-031
-046,-031
-047,-031
-047,-031
-047,-031
-047,-031
-047,-031
-047,-031
-047,-031
-047,-031
-048,-031
-048,-031
-048,-031
-048,-031
-048,-032
-049,-032
-049,-032
-049,-032
-049,-032
-049,-032
-050,-032
-050,-032
-050,-032
-051,-032
-051,-032
-052,-032
-052,-032
-052,-032
-052,-032
-053,-032
-053,-032
-053,-033
-054,-033
-054,-033
-054,-034
-054,-034
-055,-034
-055,-034
-055,-034
-056,-034
-056,-034
-056,-034
-056,-034
-056,-034
-056,-034
-057,-034
-057,-034
-057,-034
-057,-034
-057,-034
-057,-034
-057,-034
-057,-034
-058,-034
-058,-035
-058,-035
-058,-035
-058,-035
-058,-035
-058,-035
-058,-035
-058,-036
-058,-036
-058,-036
-058,-036
-058,-036
-058,-036
-058,-036
-058,-037
-058,-037
-058,-037
-058,-037
-058,-037
-058,-037
-058,-037
-058,-037
-055,-037
-055,-037
-055,-037
-055,-037
-055,-037
-055,-037
-055,-037
-055,-037
-055,-037
-055,-037
-055,-037
-052,-037
-052,-037
-052,-037
-052,-037
-052,-037
-052,-037
-049,-037
-049,-037
-049,-037
-049,-037
-049,-037
-049,-037
-049,-037
-046,-037
-046,-037
-046,-037
-046,-037
-043,-037
-043,-037
-043,-037
-043,-037
-043,-037
-040,-037
-040,-034
-040,-035
-040,-035
-040,-035
-037,-035
-037,-035
-037,-035
-037,-035
-037,-035
-034,-035
-034,-035
-034,-035
-034,-035
-031,-035
-031,-035
-031,-035
-028,-032
-028,-033
-028,-033
-025,-033
-025,-033
-025,-033
-022,-033
-022,-033
-022,-033
-017,-029
-017,-029
-017,-029
-017,-029
+014,-029
+014,-029
+014,-029
+014,-029
+012,-029
+012,-029
+009,-029
+009,-029
+007,-026
+007,-026
+005,-026
+003,-026
+003,-026
+001,-026
+001,-026
+001,-023
+001,-023
+001,-023
+003,-023
+003,-023
+005,-023
+005,-023
+007,-023
+007,-020
+007,-020
+007,-020
+007,-020
+007,-020
+009,-020
+009,-020
+009,-020
+009,-020
+011,-020
+011,-020
+011,-020
+011,-020
+011,-017
+011,-017
+013,-017
+013,-017
+013,-017
+013,-017
+013,-017
+013,-017
+013,-017
+013,-017
+013,-017
+013,-014
+015,-014
+015,-014
+015,-014
+015,-014
+015,-014
+015,-014
+015,-014
+015,-014
+015,-011
+015,-011
+015,-011
+015,-011
+015,-011
+015,-011
+015,-011
+015,-011
+017,-008
+017,-008
+017,-008
+017,-008
+017,-008
+017,-008
+017,-008
+017,-008
+017,-008
+017,-005
+017,-005
+019,-005
+019,-005
+019,-005
+019,-005
+019,-005
+019,-005
+019,-005
+019,-005
+019,-002
+019,-002
+021,-002
+021,-002
+021,-002
+021,-002
+021,-002
+021,-002
+021,-002
+021,-002
+021,-001
+021,-001
+021,-001
+021,-001
+021,-001
+021,-001
+021,-001
+023,-001
+023,-001
+023,+003
+023,+003
+023,+003
+023,+003
+023,+003
+023,+003
+023,+003
+023,+003
+023,+005
+023,+005
+023,+005
+023,+005
+023,+005
+023,+005
+023,+005
+023,+007
+023,+007
+023,+007
+023,+007
+023,+007
+023,+007
+023,+007
+023,+007
+023,+007
+023,+007
+023,+009
+023,+009
+023,+009
+023,+009
+023,+009
+023,+009
+023,+009
+023,+009
+023,+009
+023,+009
+023,+009
+023,+009
+023,+009
+023,+011
+023,+011
+023,+011
+023,+011
+023,+011
+023,+011
+023,+011
+021,+011
+021,+011
+021,+011
+021,+011
+021,+011
+021,+011
+021,+013
+021,+013
+019,+013
+019,+013
+019,+013
+019,+013
+019,+013
+019,+013
+017,+013
+017,+013
+017,+013
+017,+015
+017,+015
+015,+015
+015,+015
+015,+015
+015,+015
+013,+015
+013,+015
+013,+015
+011,+015
+011,+015
+011,+015
+009,+015
+009,+015
+009,+015
+009,+015
+007,+015
+007,+015
+007,+015
+007,+015
+005,+015
+005,+015
+005,+015
+005,+015
+003,+015
+003,+015
+003,+015
+001,+015
+001,+015
+001,+015
+001,+015
+001,+015
+001,+015
+001,+015
+003,+015
+003,+015
+003,+015
+005,+015
+005,+015
+005,+015
+005,+015
+005,+015
+007,+015
+007,+015
+007,+015
+007,+015
+009,+013
+009,+013
+009,+013
+009,+013
+011,+013
+011,+013
+011,+013
+011,+013
+011,+011
+013,+011
+013,+011
+013,+011
+013,+011
+014,+011
+014,+011
+014,+011
-015,+011
-016,+011
-016,+011
-016,+009
-017,+009
-017,+009
-017,+009
-018,+009
-018,+009
-019,+009
-019,+009
-019,+009
-019,+009
-020,+009
-021,+009
-021,+009
-021,+007
-021,+007
-022,+007
-022,+007
-022,+007
-023,+007
-023,+007
-023,+007
-024,+007
-024,+007
-024,+007
-025,+007
-025,+007
-025,+007
-025,+007
-025,+005
-026,+005
-026,+005
-026,+005
-026,+005
-027,+005
-027,+005
-027,+005
-027,+003
-028,+003
-028,+003
-028,+003
-028,+003
-028,+003
-028,+003
-028,+003
-029,+003
-029,+003
-029,+003
-029,+003
-029,+003
-029,+003
-029,+002
-029,+002
-029,+002
-029,+002
-030,+002
-030,+002
-030,+002
-030,+002
-030,+002
-030,+002
-030,+002
-030,+002
-030,+002
-030,+002
-030,+002
-030,+002
-030,+002
-030,+002
-030,+002
-030,+002
-030,+002
-030,+002
-030,+002
-030,+002
-030,+002
-030,+002
-030,+002
-030,+002
-030,+002
-030,+002
-030,+002
-030,+002
-030,+002
-030,+002
-030,+002
-030,+002
-030,+002
-030,+002
-030,+002
-030,+002
-030,+002
-030,+002
-030,+002
-030,+002
-030,+002
-030,+002
-030,-001
-030,-001
-030,-001
-030,-001
-030,-001
-031,-001
-031,-001
-031,-000
-031,-000
-031,-000
-031,-000
-031,-000
-031,-000
-031,-000
-031,-001
-032,-001
-032,-001
-032,-002
-032,-002
-033,-002
-033,-002
-033,-003
-033,-003
-033,-003
-033,-004
-033,-004
-033,-005
-034,-005
-034,-005
-034,-005
-034,-006
-034,-006
-034,-007
-034,-007
-034,-008
-034,-008
-034,-008
-034,-009
-034,-009
-034,-009
-034,-010
-034,-010
-034,-010
-034,-011
-034,-011
-034,-011
-034,-012
-034,-012
-034,-012
-034,-013
-034,-014
-034,-016
-034,-017
-034,-018
-034,-019
-034,-019
-034,-020
-034,-020
-034,-021
-034,-021
-034,-022
-034,-023
-034,-023
-034,-024
-034,-025
-034,-025
-034,-026
-034,-027
-034,-027
-034,-028
-034,-029
-034,-030
-034,-031
-034,-032
-034,-033
-034,-034
-034,-035
-034,-036
-034,-036
-034,-037
-034,-038
-031,-038
COP Area(S): 001531
COP Area(R): 002443