+000,-000
+000,-000
+002,-000
+002,-000
+002,-000
+002,-000
+002,-000
+004,-000
+004,-000
+004,-000
+004,-000
+004,-000
+004,-000
+004,-001
+004,-001
+004,-001
+004,-001
+004,-001
+004,-001
+004,-002
+004,-002
+004,-002
+004,-003
+004,-004
+004,-004
+004,-004
+004,-005
+004,-005
+004,-006
+002,-007
+002,-007
+002,-008
+002,-008
+002,-009
+002,-009
+002,-009
+000,-011
+000,-011
+000,-011
+000,-012
+002,-012
+002,-012
+002,-012
+004,-012
+004,-012
+004,-012
+006,-012
+006,-012
+006,-012
+008,-012
+008,-012
+008,-012
+011,-008
+011,-008
+014,-008
+014,-008
+014,-008
+016,-008
+016,-008
+016,-008
+016,-008
+018,-005
+018,-005
+018,-005
+020,-005
+020,-005
+020,-005
+020,-005
+020,-005
+020,-005
+020,-005
+020,-005
+020,-005
+022,-005
+022,-005
+022,-005
+022,-005
+022,-005
+022,-005
+024,-005
+024,-005
+024,-002
+024,-002
+024,-002
+024,-002
+024,-002
+024,-002
+024,-002
+024,-002
+024,-002
+024,-002
+024,-002
+024,-002
+024,-002
+024,-002
+024,-002
+024,-002
+024,-002
+024,-002
+024,-002
+024,-002
+024,-002
+024,-002
+024,-002
+024,-003
+024,-003
+024,-004
+024,-004
+024,-004
+024,-005
+024,-005
+024,-005
+024,-006
+024,-007
+024,-007
+024,-007
+024,-008
+024,-008
+024,-008
+024,-009
+024,-009
+024,-009
+024,-009
+024,-010
+024,-010
+024,-011
+024,-012
+024,-012
+022,-012
+022,-012
+022,-013
+022,-013
+022,-013
+022,-014
+022,-015
+022,-016
+022,-017
+022,-017
+022,-017
+022,-017
+022,-018
+022,-018
+022,-018
+022,-018
+022,-018
+022,-019
+022,-019
+022,-019
+022,-019
+022,-019
+022,-020
+022,-020
+022,-020
+022,-022
+020,-022
+020,-022
+020,-023
+020,-023
+020,-023
+020,-023
+020,-023
+020,-023
+020,-023
+020,-023
+018,-023
+018,-023
+018,-023
+018,-020
+018,-020
+016,-020
+016,-020
+016,-020
+016,-020
+014,-020
+014,-017
+014,-017
+014,-017
+012,-017
+012,-014
+012,-014
+010,-014
+010,-014
+008,-011
+008,-011
+008,-011
+006,-011
+006,-008
+006,-008
+004,-008
+004,-008
+004,-008
+002,-005
+002,-005
+002,-005
+002,-005
+002,-005
+002,-002
+002,-002
+002,-002
+002,-001
+002,-001
+002,-001
+002,-001
+002,-001
+002,-001
+002,-001
+002,-001
+002,-001
+002,-001
+002,-001
+002,-001
+002,-001
+002,-004
+002,-004
+002,-004
+002,-004
+002,-004
+002,+006
+002,+006
+002,+006
+002,+006
+004,+006
+004,+006
+004,+008
+004,+008
+004,+008
+004,+008
+004,+008
+004,+008
+004,+008
+006,+008
+006,+008
+006,+008
+006,+008
+006,+008
+008,+008
+008,+008
+008,+008
+008,+008
+008,+008
+008,+008
+008,+010
+008,+010
+010,+010
+010,+010
+010,+010
+010,+010
+010,+010
+010,+012
+010,+012
+010,+012
+010,+012
+010,+012
+010,+012
+010,+012
+010,+012
+010,+012
+008,+012
+008,+012
+008,+012
+008,+012
+008,+012
+008,+012
+008,+012
+008,+012
+008,+012
+008,+012
+006,+012
+006,+012
+006,+012
+006,+012
+006,+012
+006,+012
+006,+012
+006,+012
+006,+012
+006,+010
+006,+010
+006,+010
+006,+010
+006,+008
+006,+008
+006,+008
+006,+006
+006,+006
+006,+006
+008,+006
+008,-005
+008,-005
+008,-004
+008,-004
+008,-004
+008,-003
+008,-003
+008,-003
+008,-003
+008,-002
+008,-002
+008,-002
+008,-001
+008,-001
+010,-001
+010,-000
+010,-000
+010,-000
+010,-000
+010,-001
+010,-001
+010,-001
+010,-002
+010,-002
+010,-002
+010,-002
+010,-002
+010,-003
+010,-003
+010,-003
+010,-003
+010,-003
+010,-003
+010,-003
+010,-003
+010,-003
+010,-003
+010,-003
+010,-003
+010,-003
+010,-003
+010,-003
+010,-003
+010,-003
+010,-003
+010,-003
+010,-000
+008,-000
+008,-000
+008,-000
+008,-000
+008,-000
+008,-000
+008,-000
+008,-003
+008,-003
+008,-003
+008,-003
+008,-003
+008,-003
+008,-003
+006,-003
+006,-003
+006,-003
+006,-003
+006,-003
+006,-003
+006,-003
+006,+006
+006,+006
+006,+006
+006,+006
+006,+006
+008,+006
+008,+006
+008,+006
+008,+006
+008,+006
+008,+006
+008,+006
+008,+006
+008,+006
+008,+006
+008,+006
+008,+006
+008,+006
+008,+006
+008,+008
+008,+008
+008,+008
+008,+008
+006,+008
+006,+008
+006,+010
+006,+010
+006,+010
+006,+010
+006,+010
+006,+010
+006,+010
+006,+012
+006,+012
+006,+012
+004,+012
+004,+012
+004,+012
+004,+012
+004,+014
+004,+014
+002,+014
+002,+014
+002,+014
+002,+014
+002,+012
+002,+012
+002,+012
+001,+012
+001,+012
+001,+012
+001,+012
+001,+012
+001,+012
+001,+012
+001,+012
+001,+012
+003,+012
+003,+012
+003,+012
+003,+012
+003,+012
+003,+012
+003,+012
+003,+012
+003,+012
+003,+012
+003,+012
+003,+012
+003,+012
+003,+012
+003,+012
+003,+012
+003,+012
+005,+012
+005,+012
+005,+012
+005,+012
+005,+012
+007,+012
+007,+012
+007,+012
+007,+012
+007,+012
+007,+012
+007,+012
+007,+012
+007,+012
+007,+012
+007,+010
+007,+010
+007,+010
+007,+010
+007,+010
+007,+010
+007,+010
+007,+010
+007,+010
+007,+010
+007,+010
+007,+010
+005,+008
+003,+006
+003,+006
+003,+006
+003,-005
+003,-005
+003,-004
+003,-004
+003,-004
+001,-004
+001,-004
+001,-004
+001,-004
+001,-003
+001,-003
+001,-002
+001,-002
+001,-001
+003,-001
+003,-001
+003,-000
+003,-000
+003,-001
+005,-001
+005,-002
+005,-002
+005,-002
+007,-003
+007,-003
+007,-003
+010,-003
+010,-003
+010,-003
+010,-003
+010,-003
+010,-003
+010,-003
+012,-003
+012,-003
+012,-003
+012,-003
+012,-003
+012,-003
+012,-003
+012,-003
+012,-003
+012,-003
+012,-003
+012,-003
+012,-003
+012,-003
+012,-003
+012,-003
+012,-003
+012,-003
+012,-003
+012,-003
+014,-003
+014,-003
+014,-003
+014,-003
+014,-003
+014,-003
+014,-003
+014,-003
+014,-003
+014,-003
+014,-003
+014,-003
+014,-003
+014,-003
+014,-003
+012,-003
+012,-004
+012,-004
+012,-004
+012,-004
+012,-004
+012,-004
+012,-004
+010,-006
+010,-006
+010,-006
+010,-006
+010,-006
+010,-006
+010,-006
+010,-006
+010,-006
+008,-006
+008,-006
+008,-003
+008,-003
+008,-003
+006,-003
+006,-003
+006,-003
+006,-003
+006,-003
+006,-003
+004,-000
+004,-000
+004,-000
+004,-000
+004,-000
+004,-000
+004,-000
+002,-003
+002,-003
+002,-003
+002,-003
+002,-003
+002,-003
+002,-003
+002,-003
+002,-003
+002,-003
+002,-003
+002,-003
+002,-003
+002,-002
+002,-002
+002,-002
+002,-002
+002,-002
+002,-002
+002,-001
+002,-001
+002,-001
+002,-001
+002,-001
+002,-001
+002,-001
+002,-001
+002,-001
+002,-001
+002,-000
+002,-000
+004,-000
+004,-000
+004,-000
+004,-000
+004,-000
+004,-000
+004,-000
+006,-003
+006,-003
+006,-003
+006,-003
+006,-003
+006,-003
+006,-003
+006,+006
+008,+006
+008,+006
+008,+006
+008,+006
+008,+006
+008,+006
+008,+006
+008,+006
+010,+006
+010,+006
+010,+006
+010,+006
+010,+006
+012,+008
+012,+008
+012,+008
+012,+008
+012,+008
+012,+008
+012,+008
+012,+008
+014,+008
+014,+010
+014,+010
+014,+010
+014,+010
+014,+012
+014,+012
+014,+012
+014,+012
+014,+014
+014,+014
+014,+014
+014,+014
+014,+014
+014,+014
+014,+016
+014,+016
+014,+016
+014,+016
+014,+016
+014,+016
+014,+016
+014,+016
+014,+016
+014,+016
+014,+016
+014,+016
+014,+014
+014,+014
+014,+014
+012,+014
+012,+014
+012,+014
+012,+012
+012,+012
+012,+012
+012,+012
+010,+012
+010,+012
+010,+012
+010,+010
+010,+010
+008,+010
+008,+010
+008,+010
+008,+010
+008,+010
+008,+010
+008,+010
+008,+008
+008,+008
+008,+008
+008,+008
+008,+008
+008,+008
+008,+008
+008,+008
+008,+008
+008,+008
+008,+008
+008,+008
+008,+008
+008,+008
+008,+008
+008,+008
+008,+008
+008,+006
+008,+006
+008,+006
+008,+006
+008,+006
+008,+006
+008,-005
+008,-005
+008,-005
+008,-004
+008,-004
+008,-004
+008,-004
+008,-003
+008,-003
+008,-003
+010,-003
+010,-002
+010,-002
+010,-002
+012,-002
+012,-002
+012,-002
+012,-002
+014,-002
+014,-002
+014,-002
+014,-002
+016,-002
+016,-002
+016,-002
+018,-002
+018,-001
+018,-001
+018,-001
+018,-001
+018,-001
+020,-000
+020,-000
+020,-000
+020,-000
+020,-001
+020,-001
+020,-001
+020,-001
+020,-001
+020,-001
+020,-001
+020,-001
+020,-001
+020,-001
+020,-001
+020,-001
+020,-001
+020,-001
+020,-001
+020,-001
+020,-001
+020,-001
+020,-002
+020,-002
+020,-002
+020,-002
+020,-002
+020,-002
+020,-002
+020,-002
+020,-005
+020,-005
+020,-005
+020,-005
+020,-005
+020,-005
+020,-005
+020,-005
+020,-005
+020,-005
+020,-005
+020,-005
+020,-005
+020,-005
+020,-005
+020,+007
+020,+007
+020,+007
+020,+007
+020,+007
+020,+007
+020,+007
+020,+007
+020,+007
+020,+007
+020,+007
+020,+007
+020,+007
+018,+007
+018,+007
+018,+007
+018,+007
+016,+007
+016,+007
+016,+007
+016,+007
+016,+007
+016,+007
+016,+007
+014,+009
+014,+009
+014,+009
+014,+009
+014,+009
+014,+009
+012,+009
+012,+009
+012,+009
+010,+009
+010,+011
+010,+011
+010,+011
+010,+011
+008,+011
+008,+011
+008,+011
+008,+011
+008,+011
+008,+011
+008,+011
+008,+011
+008,+013
+008,+013
+008,+013
+008,+013
+008,+013
+008,+013
+008,+013
+008,+013
+008,+013
+008,+013
+008,+013
+008,+013
+008,+013
+008,+013
+008,+013
+008,+013
+008,+013
+008,+013
+008,+013
+008,+013
+008,+013
+010,+013
+010,+013
+010,+013
+010,+013
+010,+013
+012,+013
+012,+013
+012,+013
+012,+013
+012,+013
+012,+013
+012,+013
+012,+013
+014,+013
+014,+013
+014,+011
+014,+011
+014,+011
+016,+011
+016,+011
+016,+011
+016,+011
+016,+011
+016,+011
+016,+011
+018,+011
+018,+011
+018,+011
+018,+011
+018,+011
+018,+011
+018,+011
+018,+011
+018,+011
+018,+011
+018,+011
+018,+011
+018,+011
+018,+011
+018,+011
+018,+011
+018,+011
+018,+011
+018,+011
+018,+011
+018,+011
+018,+011
+018,+011
+018,+009
+018,+009
+018,+009
+018,+009
+018,+009
+018,+009
+018,+009
+018,+009
+016,+009
+016,+009
+016,+009
+016,+009
+016,+009
+016,+009
+014,+009
+014,+009
+014,+009
+012,+009
+012,+009
+012,+009
+012,+009
+010,+009
+010,+009
+010,+009
+010,+011
+008,+011
+008,+011
+008,+011
+008,+011
+008,+011
+008,+011
+008,+011
+006,+011
+006,+011
+006,+011
+006,+011
+006,+011
+006,+011
+006,+013
+006,+013
+006,+013
+006,+013
+006,+013
+006,+013
+006,+013
+006,+013
+006,+013
+006,+013
+006,+013
+006,+013
+006,+013
+006,+013
+006,+013
+006,+011
+006,+011
+006,+011
+006,+011
+006,+011
+006,+011
+006,+011
+006,+011
+006,+011
+006,+011
+006,+011
+008,+011
+008,+011
+008,+011
+008,+011
+008,+011
+008,+011
+010,+011
+010,+011
+010,+011
+010,+011
+010,+011
+010,+011
+010,+011
+010,+011
+010,+011
+010,+011
+010,+011
+010,+013
+010,+013
+010,+013
+010,+013
+010,+013
+010,+013
+010,+013
+010,+013
+010,+013
+010,+011
+010,+011
+010,+011
+010,+011
+010,+011
+010,+011
+010,+011
+010,+011
+010,+011
+010,+009
+010,+009
+010,+009
+010,+009
+010,+009
+010,+009
+010,+009
+010,+009
+010,+009
+008,+009
+008,+007
+008,+007
+008,+007
+008,+007
+008,+007
+008,+007
+008,+007
+008,+007
+008,+007
+006,+007
+006,+007
+006,+007
+006,+007
+006,+006
+006,+006
+006,+006
+006,+006
+006,-005
+006,-005
+006,-005
+006,-004
+006,-004
+006,-004
+006,-004
+006,-003
+006,-003
+006,-003
+006,-003
+006,-003
+006,-003
+006,-002
+006,-002
+006,-002
+006,-002
+008,-001
+008,-001
+008,-001
+008,-001
+008,-001
+008,-000
+008,-000
+008,-000
+008,-001
+008,-001
+008,-001
+008,-002
+008,-002
+010,-002
+010,-002
+010,-002
+010,-002
+010,-003
+010,-003
+010,-003
+012,-003
+012,-003
+012,-003
+012,-003
+012,-003
+012,-003
+012,-003
+012,-004
+012,-004
+012,-004
+012,-004
+012,-004
+012,-004
+012,-004
+012,-004
+012,-004
+012,-004
+012,-004
+012,-004
+012,-004
+012,-004
+012,-004
+012,-004
+012,-004
+012,-004
+012,-004
+012,-004
+012,-004
+012,-004
+012,-004
+012,-004
+012,-004
+012,-004
+012,-004
+012,-004
+012,-004
+012,-004
+012,-004
+012,-004
+012,-004
+012,-004
+012,-004
+012,-004
+012,-004
+014,-004
+014,-004
+014,-004
+014,-004
+014,-004
+014,-004
+014,-004
+014,-004
+014,-004
+014,-004
+014,-004
+014,-004
+014,-004
+014,-004
+014,-004
+014,-004
+014,-004
+014,-004
+014,-004
+014,-004
+014,-001
+014,-001
+014,-001
+014,-001
+014,-001
+014,-001
+014,-001
+014,-001
+014,-001
+012,-001
+012,-001
+012,-001
+012,-001
+012,-001
+012,-001
+012,-002
+012,-002
+012,-002
+012,-002
+012,-002
+012,-002
+012,-002
+012,-002
+012,-002
+012,-002
+012,-002
+012,-002
+012,-002
+012,-005
+012,-005
+012,-005
+010,-005
+010,-005
+010,-005
+010,-005
+010,-005
+010,-005
+010,-005
+010,-005
+010,-005
+010,-005
+010,-005
+010,-005
+010,-005
+010,-005
+008,-005
+008,-005
+008,-005
+008,-005
+008,+007
+008,+007
+008,+007
+008,+007
+008,+007
+008,+007
+008,+007
+008,+007
+008,+007
+008,+007
+006,+007
+006,+007
+006,+007
+006,+007
+006,+007
+006,+009
+006,+009
+006,+009
+006,+009
+006,+009
+006,+009
+006,+009
+006,+009
+006,+009
+006,+009
+006,+009
+006,+009
+006,+009
+006,+009
+006,+009
+006,+009
+006,+009
+006,+009
+006,+009
+006,+009
+006,+009
+006,+009
+006,+009
+006,+011
+006,+011
+006,+011
+006,+011
+006,+011
+006,+011
+006,+011
+006,+011
+006,+011
+006,+011
+008,+011
+008,+011
+008,+011
+008,+011
+008,+011
+008,+011
+008,+011
+008,+011
+010,+013
+010,+013
+010,+013
+010,+013
+010,+013
+010,+013
+010,+013
+012,+013
+012,+013
+012,+013
+012,+013
+012,+013
+014,+013
+014,+013
+014,+013
+014,+013
+014,+013
+016,+013
+016,+013
+016,+013
+018,+013
+018,+013
+018,+015
+018,+015
+018,+015
+020,+015
+020,+015
+020,+015
+020,+015
+020,+015
+020,+015
+022,+017
+022,+017
+022,+017
+022,+017
+022,+017
+022,+017
+022,+017
+022,+017
+022,+017
+022,+017
+022,+017
+022,+017
+020,+017
+020,+017
+020,+017
+020,+017
+020,+017
+020,+017
+020,+017
+018,+015
+018,+015
+018,+015
+018,+015
+016,+015
+016,+015
+016,+015
+016,+013
+016,+013
+014,+013
+014,+013
+014,+013
+012,+013
+012,+013
+012,+013
+012,+013
+010,+013
+010,+013
+010,+013
+010,+013
+010,+013
+008,+013
+008,+013
+008,+013
+008,+013
+008,+013
+008,+013
+008,+013
+006,+013
+006,+011
+006,+011
+006,+011
+006,+011
+006,+011
+006,+011
+006,+011
+006,+011
+006,+011
+006,+011
+006,+011
+006,+009
+006,+009
+006,+009
+006,+009
+006,+009
+004,+009
+004,+009
+004,+009
+004,+009
+004,+009
+004,+009
+004,+009
+004,+009
+004,+009
+004,+009
+004,+009
+004,+007
+004,+007
+004,+007
+004,+007
+004,+007
+006,+007
+006,+007
+006,+007
+006,+007
+006,+007
+006,+009
+008,+009
+008,+009
+008,+009
+008,+009
+008,+009
+008,+009
+008,+009
+010,+009
+010,+009
+010,+009
+010,+009
+010,+009
+010,+009
+010,+009
+012,+009
+012,+009
+012,+009
+012,+009
+012,+009
+012,+009
+012,+009
+012,+007
+014,+007
+014,+007
+014,+007
+014,+007
+014,+009
+014,+009
+014,+009
+014,+009
+016,+009
+016,+009
+016,+009
+016,+009
+016,+009
+016,+009
+016,+009
+016,+009
+016,+007
+016,+007
+016,+007
+016,+007
+016,+007
+016,+007
+016,+007
+016,+007
+016,+007
+016,+007
+016,+007
+016,+007
+016,+007
+018,+007
+018,+007
+018,+007
+018,+007
+018,+007
+018,+007
+018,+007
+018,+007
+018,+007
+018,+007
+018,+007
+018,+007
+018,+007
+018,+007
+016,+007
+016,+007
+016,+007
+016,+007
+016,+007
+016,+007
+016,+007
+016,+009
+016,+009
+016,+009
+016,+009
+016,+009
+016,+009
+016,+009
+016,+009
+014,+009
+014,+009
+014,+009
+014,+009
+014,+009
+014,+009
+014,+009
+012,+009
+012,+011
+012,+011
+012,+011
+012,+011
+012,+011
+010,+011
+010,+011
+010,+011
+010,+011
+010,+011
+010,+011
+010,+011
+010,+011
+010,+011
+008,+011
+008,+011
+008,+011
+008,+011
+008,+011
+008,+011
+008,+011
+008,+011
+006,+011
+006,+011
+006,+011
+006,+011
+006,+011
+006,+011
+006,+011
+006,+011
+006,+011
+006,+011
+004,+011
+004,+013
+002,+013
+002,+013
+002,+013
+002,+013
+002,+013
+000,+013
+000,+013
+000,+013
+000,+013
+000,+013
+000,+013
+000,+013
+000,+013
+000,+013
+000,+013
+000,+013
+000,+013
+002,+013
+002,+013
+002,+013
+002,+013
+002,+013
+002,+013
+002,+013
+002,+013
+002,+013
+002,+013
+002,+013
+002,+013
+004,+013
+004,+013
+004,+013
+004,+013
+004,+013
+004,+013
+004,+013
+004,+013
+004,+011
+006,+011
+006,+011
+006,+011
+006,+011
+006,+011
+006,+011
+006,+011
+006,+011
+006,+011
+006,+011
+006,+011
+006,+011
+006,+009
+006,+009
+006,+009
+006,+009
+006,+009
+006,+009
+006,+009
+006,+011
+006,+011
+006,+011
+006,+011
+004,+011
+004,+011
+004,+011
+004,+011
+004,+011
+004,+011
+004,+011
+004,+011
+004,+011
+004,+011
+004,+011
+004,+011
+006,+009
+006,+009
+006,+009
+006,+009
+006,+009
+006,+009
+006,+009
+006,+009
+006,+009
+006,+009
+006,+009
+006,+009
+006,+009
+006,+009
+006,+009
+006,+009
+004,+007
+004,+007
+004,+007
+002,+006
+002,+006
+002,+006
+002,-005
+002,-003
+002,-002
+002,-002
+002,-002
+002,-001
+002,-001
+002,-000
+002,-000
+002,-000
+002,-000
+002,-001
+002,-001
+002,-001
+000,-002
+000,-002
+000,-002
+000,-002
+000,-002
+000,-002
+000,-003
+000,-003
+002,-003
+004,-003
+004,-003
+004,-003
+006,-003
+006,-003
+006,-003
+006,-003
+006,-003
+006,-003
+006,-003
+008,-003
+008,-003
+010,-003
+010,-003
+010,-003
+010,-003
+012,-003
+012,-003
+012,-003
+012,-003
+012,-003
+014,-003
+014,-003
+014,-003
+014,-004
+014,-004
+014,-004
+014,-004
+014,-004
+014,-004
+014,-004
+016,-004
+016,-004
+016,-004
+016,-004
+016,-004
+016,-004
+016,-004
+016,-004
+016,-004
+016,-004
+016,-004
+016,-004
+016,-004
+016,-001
+016,-001
+016,-001
+016,-001
+016,-001
+016,-001
+016,-002
+016,-002
+016,-002
+016,-002
+016,-002
+016,-002
+016,-002
+016,-002
+016,-002
+016,-002
+016,-002
+016,-002
+016,-002
+016,-002
+014,-002
+014,-002
+014,-002
+014,-002
+014,-002
+014,-002
+014,-002
+014,-002
+014,-002
+014,-002
+014,-002
+014,-002
+014,-002
+014,-002
+014,-002
+014,-002
+014,-002
+014,-002
+014,-002
+014,-002
+014,-002
+014,-002
+014,-005
+014,-005
+014,-005
+014,-005
+014,-005
+014,-005
+014,-005
+014,-005
+014,-005
+014,-005
+014,-005
+014,-005
+014,-005
+014,-005
+014,-005
+014,-005
+014,-005
+014,-005
+014,+007
+014,+007
+014,+007
+014,+007
+014,+007
+014,+007
+014,+007
+014,+007
+014,+007
+014,+009
+014,+009
+014,+009
+016,+009
+016,+009
+016,+009
+016,+009
+016,+009
+016,+009
+016,+009
+016,+011
+018,+011
+018,+011
+018,+011
+018,+011
+018,+011
+018,+011
+018,+011
+020,+011
+020,+011
+020,+013
+020,+013
+022,+013
+022,+013
+022,+013
+022,+013
+022,+013
+022,+013
+022,+011
+022,+011
+022,+011
+022,+011
+022,+011
+022,+011
+022,+011
+022,+011
+022,+011
+022,+011
+022,+011
+022,+011
+022,+011
+022,+011
+022,+011
+022,+011
+022,+011
+022,+011
+022,+011
+022,+011
+022,+011
+022,+011
+022,+011
+022,+011
+022,+011
+022,+011
+022,+011
+022,+011
+022,+011
+022,+011
+022,+011
+022,+011
+022,+011
+022,+011
+022,+011
+022,+011
+022,+011
+022,+011
+022,+011
+022,+011
+022,+011
+020,+011
+020,+011
+020,+011
+020,+011
+020,+011
+020,+011
+020,+011
+020,+011
+020,+011
+020,+011
+020,+013
+020,+013
+020,+013
+020,+013
+020,+013
+020,+013
+020,+013
+020,+013
+020,+013
+020,+013
+018,+013
+018,+013
+018,+013
+018,+013
+018,+013
+018,+013
+018,+013
+018,+013
+018,+013
+018,+013
+018,+015
+018,+015
+018,+015
+018,+015
+018,+015
+018,+015
+018,+015
+016,+017
+016,+017
+016,+017
+016,+017
+016,+017
+016,+017
+016,+017
+016,+017
+016,+017
+016,+017
+016,+017
+014,+017
+014,+017
+014,+017
+014,+019
+014,+019
+014,+019
+014,+019
+014,+019
+014,+019
+012,+019
+012,+019
+012,+019
+012,+019
+012,+019
+012,+019
+012,+019
+010,+019
+010,+019
+010,+019
+010,+019
+010,+019
+010,+019
+010,+019
+010,+019
+010,+019
+010,+019
+010,+019
+008,+019
+008,+019
+008,+019
+008,+019
+008,+019
+008,+019
+008,+019
+008,+019
+008,+019
+008,+019
+008,+019
+008,+019
+010,+017
+010,+017
+010,+017
+010,+017
+010,+017
+010,+017
+010,+017
+010,+017
+010,+017
+012,+017
+012,+017
+012,+017
+012,+017
+012,+017
+012,+017
+012,+015
+012,+015
+012,+015
+012,+015
+014,+015
+014,+015
+014,+015
+014,+015
+014,+015
+014,+015
+014,+015
+014,+015
+014,+015
+014,+015
+014,+015
+014,+015
+016,+015
+016,+015
+016,+015
+016,+015
+016,+015
+016,+015
+016,+015
+016,+015
+016,+015
+016,+015
+016,+015
+016,+013
+016,+013
+016,+013
+016,+013
+016,+013
+016,+013
+016,+013
+016,+013
+016,+013
+016,+013
+016,+013
+016,+011
+016,+011
+016,+011
+016,+011
+016,+011
+016,+011
+016,+011
+016,+011
+016,+011
+018,+011
+018,+011
+018,+011
+018,+009
+018,+009
+018,+009
+018,+009
+018,+009
+018,+009
+018,+009
+018,+009
+018,+009
+018,+009
+018,+009
+018,+009
+018,+009
+018,+009
+018,+009
+018,+009
+018,+009
+018,+009
+018,+009
+016,+009
+016,+009
+016,+007
+016,+007
+016,+007
+016,+007
+016,+007
+016,+007
+016,+007
+016,+007
+016,+007
+016,+007
+016,+007
+016,+007
+016,+007
+016,+007
+014,+007
+014,+006
+014,+006
+014,+006
+014,+006
+014,+006
+014,-005
+014,-005
+014,-005
+014,-005
+014,-005
+014,-005
+014,-005
+014,-005
+014,-005
+014,-005
+014,-005
+014,-005
+014,-005
+014,-005
+014,-005
+014,-005
+014,-005
+012,-005
+012,-005
+012,-005
+012,-005
+012,-005
+012,-005
+012,-005
+012,-005
+012,-005
+012,-005
+012,-005
+012,-005
+012,-005
+012,-005
+012,-005
+012,-005
+012,-005
+012,-005
+012,-005
+012,-005
+012,-005
+012,-005
+010,-005
+010,-005
+010,-005
+010,-005
+010,-005
+010,-005
+010,-005
+010,-005
+010,-005
+010,-005
+010,-005
+010,-005
+010,-005
+010,-005
+010,-005
+010,-005
+010,-005
+010,-005
+010,-005
+010,-005
+010,-005
+010,-005
+010,-005
+010,-005
+010,-005
+010,-005
+010,-005
+010,-005
+010,-005
+010,-005
+010,-005
+010,-005
+010,+007
+010,+007
+010,+007
+010,+007
+010,+007
+010,+007
+010,+007
+010,+007
+010,+007
+010,+007
+010,+007
+010,+007
+010,+007
+010,+007
+010,+007
+010,+007
+010,+007
+010,+007
+010,+007
+010,+007
+010,+007
+010,+007
+012,+007
+012,+007
+012,+007
+012,+007
+012,+007
+012,+007
+012,+007
+012,+007
+012,+007
+012,+007
+012,+007
+012,+007
+012,+007
+012,+007
+012,+007
+012,+007
+012,+007
+012,+007
+012,+007
+012,+007
+012,+007
+012,+007
+012,+007
+012,+006
+012,+006
+012,+006
+012,+006
+012,+006
+012,+006
+012,+006
+012,+006
+012,+006
+012,+006
+012,-005
+012,-005
+012,-005
+012,-005
+012,-005
+012,-005
+012,-005
+012,-005
+012,-005
+012,-005
+012,-005
+012,-005
+012,-004
+012,-004
+012,-004
+012,-004
+012,-004
+012,-004
+012,-004
+012,-004
+012,-004
+012,-004
+012,-004
+012,-004
+012,-004
+012,-004
+012,-004
+012,-003
+012,-003
+012,-003
+012,-003
+012,-003
+012,-003
+012,-003
+012,-003
+012,-003
+012,-003
+012,-002
+012,-002
+012,-002
+012,-002
+012,-001
+012,-001
+012,-001
+012,-001
+012,-001
+012,-001
+012,-000
+010,-000
+010,-000
+010,-000
+010,-000
+010,-000
+010,-000
+010,-000
+010,-000
+010,-000
+010,-000
+010,-000
+010,-000
+010,-000
+010,-000
+010,-000
+010,-000
+010,-000
+010,-000
+010,-000
+010,-000
+008,-000
+008,-000
+008,-000
+008,-000
+008,-000
+008,-000
+008,-000
+008,-000
+008,-001
+008,-001
+008,-001
+008,-001
+008,-002
+008,-002
+008,-002
+008,-002
+008,-002
+008,-002
+008,-002
+008,-002
+008,-002
+008,-002
+008,-002
+008,-002
+008,-002
+008,-002
+008,-002
+008,-002
+008,-002
+008,-002
+008,-002
+008,-002
+008,-002
+008,-002
+008,-002
+008,-002
+008,-002
+008,-002
+008,-002
+008,-002
+008,-002
+008,-002
+008,-002
+008,-001
+008,-001
+008,-001
+008,-001
+008,-001
+008,-001
+008,-000
+008,-000
+008,-000
+008,-000
+010,-000
+010,-000
+010,-000
+010,-000
+010,-000
+010,-000
+010,-000
+010,-000
+012,-000
+012,-000
+012,-000
+012,-000
+012,-000
+012,-000
+012,-000
+012,-000
+014,-000
+014,-000
+014,-000
+014,-000
+014,-000
+014,-000
+014,-000
+014,-000
+014,-000
+014,-000
+014,-000
+014,-000
+014,-000
+014,-001
+014,-001
+014,-001
+014,-001
+014,-001
+014,-001
+014,-001
+014,-001
+014,-001
+014,-001
+014,-001
+014,-001
+014,-001
+014,-001
+014,-001
+014,-001
+014,-001
+014,-001
+014,-001
+014,-001
+014,-001
+014,-001
+014,-001
+014,-001
+014,-001
+014,-001
+014,-001
+014,-001
+014,-001
+014,-001
+014,-001
+014,-001
+014,-001
+014,-001
+014,-001
+014,-001
+014,-002
+014,-002
+014,-002
+014,-002
+014,-002
+016,-002
+016,-002
+016,-002
+016,-002
+016,-002
+016,-002
+016,-002
+016,-002
+016,-002
+018,-002
+018,-002
+018,-002
+018,-002
+018,-002
+018,-002
+018,-002
+018,-002
+018,-002
+018,-002
+018,-002
+018,-002
+018,-002
+020,-002
+020,-002
+020,-002
+020,-002
+020,-002
+020,-002
+020,-002
+020,-002
+020,-002
+020,-002
+020,-002
+020,-002
+020,-002
+020,-002
+020,-001
+020,-001
+020,-001
+020,-001
+020,-001
+020,-001
+020,-000
+020,-000
+020,-000
+020,-000
+020,-000
+020,-000
+020,-000
+020,-000
+020,-000
+020,-000
+020,-000
+020,-000
+020,-000
+020,-000
+018,-000
+018,-000
+018,-000
+018,-000
+018,-000
+018,-000
+018,-000
+018,-000
+018,-000
+018,-000
+018,-000
+016,-000
+016,-000
+016,-000
+016,-000
+016,-000
+016,-000
+014,-000
+014,-000
+014,-000
+014,-001
+012,-001
+012,-001
+012,-001
+012,-001
+012,-001
+012,-001
+012,-001
+012,-001
+012,-001
+010,-001
+010,-001
+010,-001
+010,-001
+010,-001
+008,-001
+008,-001
+008,-001
+008,-001
+008,-001
+008,-001
+008,-001
+008,-001
+008,-001
+008,-001
+008,-001
+008,-001
+008,-001
+008,-001
+008,-001
+008,-001
+008,-001
+008,-001
+008,-001
+008,-001
+008,-001
+008,-001
+008,-001
+008,-001
+008,-001
+008,-001
+008,-001
+008,-001
+008,-001
+008,-001
+008,-001
+008,-001
+008,-002
+008,-002
+008,-002
+008,-002
+008,-002
+010,-002
+010,-002
+010,-002
+010,-002
+010,-002
+010,-002
+010,-002
+010,-002
+010,-002
+010,-002
+010,-002
+010,-002
+010,-002
+010,-002
+010,-002
+010,-002
+010,-002
+010,-002
+010,-002
+010,-002
+010,-002
+010,-002
+010,-002
+010,-002
+010,-002
+010,-002
+010,-002
+010,-002
+010,-002
+010,-002
+010,-002
+010,-002
+010,-002
+010,-002
+010,-002
+010,-002
+010,-002
+010,-002
+010,-002
+010,-002
+010,-002
+010,-002
+010,-002
+010,-002
+010,-002
+010,-002
+008,-002
+008,-002
+008,-002
+008,-002
+008,-002
+008,-002
+008,-002
+008,-002
+008,-002
+008,-002
+008,-002
+008,-002
+008,-002
+008,-002
+008,-002
+008,-002
+008,-002
+008,-002
+008,-002
+006,-001
+006,-001
+006,-001
+006,-001
+006,-001
+006,-001
+006,-001
+006,-001
+006,-001
+008,-001
+008,-001
+008,-001
+008,-001
+008,-001
+008,-001
+008,-001
+008,-001
+008,-001
+008,-001
+008,-001
+008,-001
+008,-001
+010,-001
+010,-001
+010,-001
+010,-001
+010,-001
+010,-001
+010,-001
+010,-001
+010,-004
+010,-004
+012,-004
+012,-003
+012,-003
+012,-003
+012,-003
+012,-003
+012,-003
+012,-003
+014,-003
+014,-003
+014,-003
+014,-003
+014,-003
+014,-003
+014,-003
+014,-003
+014,-003
+014,-003
+016,-003
+016,-003
+016,-003
+016,-003
+016,-003
+016,-003
+016,-003
+016,-003
+016,-003
+016,-003
+016,-003
+018,-003
+018,-003
+018,-003
+018,-003
+018,-003
+018,-003
+018,-003
+018,-003
+018,-003
+018,-003
+018,-003
+018,-003
+018,-003
+018,-003
+018,-003
+018,-003
+018,-003
+018,-003
+018,-002
+018,-002
+018,-002
+020,-001
+020,-001
+020,-001
+020,-001
+020,-000
+020,-000
+020,-000
+020,-000
+020,-000
+020,-000
+020,-001
+020,-001
+020,-001
+020,-001
+020,-001
+020,-001
+020,-001
+020,-002
+020,-002
+020,-002
+020,-002
+020,-002
+020,-002
+020,-002
+020,-003
+020,-003
+020,-003
+020,-003
+020,-003
+020,-003
+020,-003
+020,-003
+020,-003
+020,-003
+020,-004
+020,-004
+020,-004
+020,-004
+020,-004
+020,-004
+022,-004
+022,-004
+022,-004
+022,-004
+022,-004
+022,-004
+022,-004
+022,-004
+022,-004
+022,-004
+022,-004
+022,-004
+022,-004
+022,-004
+022,-004
+022,-004
+022,-004
+022,-004
+022,-004
+022,-004
+022,-004
+022,-004
+022,-004
+022,-001
+022,-001
+022,-001
+020,-001
+020,-001
+020,-001
+020,-001
+020,-001
+020,-001
+020,-001
+020,-001
+020,-001
+020,-001
+020,-001
+020,-001
+020,-001
+020,-001
+020,-001
+020,-001
+020,-001
+020,-001
+020,-001
+020,-001
+020,-001
+020,-001
+020,-001
+020,-001
+020,-001
+020,-001
+020,-001
+020,-001
+020,-001
+020,-001
+020,-001
+020,-001
+020,-001
+018,-001
+018,-001
+018,-001
+018,-001
+018,-001
+018,-001
+018,-001
+018,-002
+018,-002
+018,-002
+016,-002
+016,-002
+016,-002
+016,-002
+016,-002
+016,-002
+016,-002
+016,-002
+016,-002
+014,-002
+014,-002
+014,-002
+014,-002
+012,-002
+012,-002
+012,-002
+012,-002
+012,-002
+012,-002
+012,-002
+012,-002
+012,-002
+010,-002
+010,-005
+010,-005
+010,-004
+010,-004
+010,-004
+010,-004
+010,-004
+008,-004
+008,-004
+008,-004
+008,-004
+008,-004
+008,-004
+008,-004
+008,-004
+008,-004
+008,-004
+008,-004
+008,-004
+008,-004
+006,-004
+006,-004
+006,-004
+006,-004
+006,-004
+006,-004
+006,-004
+006,-004
+006,-004
+006,-004
+008,-004
+008,-004
+008,-004
+008,-004
+008,-004
+008,-004
+008,-004
+008,-004
+008,-004
+008,-004
+008,-004
+008,-004
+008,-004
+008,-004
+008,-004
+008,-004
+008,-004
+008,-004
+008,-004
+008,-004
+008,-004
+008,-004
+008,-004
+008,-004
+008,-004
+008,-004
+008,-004
+008,+006
+008,+006
+008,+006
+008,+006
+008,+006
+008,+006
+008,+006
+008,+006
+008,+006
+008,+006
+008,+006
+008,+006
+008,+006
+008,+006
+008,+006
+008,+006
+008,+006
+008,+006
+008,+006
+008,+006
+008,+006
+008,+006
+008,+006
+008,+006
+008,+006
+008,+006
+008,+006
+008,+006
+008,+006
+008,+006
+008,+006
+008,+006
+008,+006
+008,+006
+008,+006
+010,+006
+010,+006
+010,+006
+010,+006
+010,+006
+010,+006
+010,+006
+012,+006
+012,+006
+012,+006
+012,+006
+012,+006
+012,+006
+014,+006
+014,+006
+014,+006
+014,+006
+014,+006
+014,+006
+014,+006
+014,+006
+016,+006
+016,+006
+016,+006
+016,+006
+016,+006
+016,+006
+016,+006
+016,+006
+016,+006
+016,+006
+016,+006
+018,-005
+018,-005
+018,-005
+018,-004
+018,-004
+018,-003
+018,-003
+018,-003
+018,-002
+018,-002
+018,-002
+018,-002
+018,-002
+018,-002
+018,-002
+018,-002
+016,-002
+016,-002
+016,-002
+016,-002
+014,-002
+014,-002
+014,-002
+014,-002
+014,-002
+012,-002
+012,-002
+012,-002
+012,-002
+010,-002
+010,-002
+010,-001
+010,-001
+008,-001
+008,-001
+008,-001
+008,-001
+008,-001
+008,-001
+008,-001
+008,-001
+008,-001
+008,-001
+008,-001
+008,-001
+008,-001
+008,-001
+008,-001
+008,-001
+008,-001
+008,-001
+008,-001
+008,-001
+008,-001
+008,-001
+008,-000
+008,-000
+008,-000
+006,-000
+006,-000
+006,-001
+006,-001
+006,-001
+006,-001
+006,-001
+006,-001
+006,-001
+006,-001
+006,-002
+006,-002
+006,-002
+006,-002
+006,-002
+006,-002
+006,-002
+006,-002
+006,-002
+006,-002
+006,-002
+006,-002
+006,-002
+006,-002
+006,-002
+006,-002
+006,-002
+006,-002
+006,-002
+006,-002
+006,-002
+006,-002
+006,-002
+006,-003
+006,-003
+006,-003
+006,-003
+006,-003
+006,-003
+006,-003
+006,-003
+006,-003
+008,-003
+008,-003
+008,-003
+008,-003
+010,-003
+010,-003
+010,-003
+010,-003
+010,-003
+010,-003
+010,-003
+012,-003
+012,-003
+012,-003
+012,-003
+012,-003
+012,-003
+012,-003
+012,-003
+012,-003
+012,-003
+012,-003
+012,-003
+012,-003
+014,-003
+014,-003
+014,-003
+014,-003
+014,-000
+014,-001
+014,-001
+016,-001
+016,-001
+016,-001
+016,-001
+016,-001
+016,-001
+016,-001
+016,-001
+018,-001
+018,-001
+018,-001
+018,-001
+018,-001
+018,-001
+018,-001
+018,-001
+018,-001
+018,-001
+018,-001
+018,-001
+018,-001
+018,-001
+018,-001
+018,-001
+018,-001
+018,-001
+018,-001
+018,-001
+018,-001
+018,-001
+018,-001
+018,-001
+018,-001
+018,-001
+018,-001
+018,-001
+018,-002
+018,-002
+018,-002
+018,-002
+020,-002
+020,-002
+020,-002
+020,-002
+020,-003
+020,-003
+020,-003
+020,-003
+020,-003
+020,-003
+020,-003
+020,-003
+020,-004
+020,-004
+020,-004
+020,-004
+022,-004
+022,-004
+022,-004
+022,-004
+022,-005
+022,-005
+022,-005
+022,-006
+022,-006
+024,-006
+024,-007
+024,-007
+024,-008
+024,-008
+024,-009
+024,-009
+024,-009
+024,-009
+024,-010
+024,-010
+024,-010
+024,-010
+024,-010
+024,-010
+024,-010
+024,-010
+024,-010
+024,-010
+024,-011
+024,-011
+024,-011
+024,-011
+024,-011
+024,-011
+024,-011
+024,-011
+024,-011
+024,-011
+024,-011
+024,-011
+024,-011
+024,-012
+024,-012
+022,-012
+022,-012
+022,-012
+022,-012
+022,-012
+022,-012
+022,-012
+022,-012
+022,-012
+022,-012
+022,-012
+022,-012
+022,-012
+022,-012
+022,-012
+022,-012
+022,-012
+022,-012
+022,-012
+022,-012
+022,-012
+022,-012
+022,-012
+022,-012
+022,-012
+022,-012
+022,-012
+022,-012
+022,-009
+022,-009
+020,-009
+020,-009
+020,-009
+020,-009
+020,-009
+020,-009
+020,-006
+020,-006
+020,-006
+020,-006
+020,-006
+020,-006
+020,-006
+020,-006
+020,-006
+020,-006
+020,-006
+020,-006
+020,-006
+020,-006
+020,-006
+020,-006
+020,-006
+020,-006
+020,-006
+020,-006
+020,-006
+020,-006
+020,-006
+020,-006
+020,-006
+020,-006
+020,-006
+020,-006
+020,-006
+020,-006
+020,-006
+020,-006
+020,-006
+018,-006
+018,-006
+018,-006
+018,-003
+018,-003
+018,-003
+018,-003
+018,-003
+018,-003
+018,-003
+018,-003
+018,-003
+018,-003
+018,-003
+018,-003
+018,-003
+018,-003
+018,-003
+018,-003
+018,-003
+018,-003
+018,-000
+018,-000
+018,-000
+020,-000
+020,-000
+020,-000
+020,-001
+020,-001
+020,-001
+022,-001
+022,-001
+022,-002
+022,-002
+024,-002
+024,-002
+024,-002
+024,-003
+024,-003
+026,-003
+026,-003
+026,-003
+026,-004
+026,-004
+026,-004
+026,-004
+026,-004
+026,-004
+026,-004
+026,-005
+026,-005
+026,-005
+026,-005
+026,-005
+026,-005
+026,-005
+026,-005
+026,-005
+026,-005
+026,-005
+026,-005
+026,-005
+026,-005
+026,-005
+026,-005
+026,-005
+026,-005
+026,-005
+026,-005
+026,-005
+026,-005
+026,-006
+026,-006
+026,-006
+026,-006
+026,-006
+026,-006
+026,-006
+026,-006
+026,-006
+026,-006
+026,-006
+026,-006
+024,-006
+024,-006
+024,-006
+024,-006
+024,-006
+024,-006
+024,-007
+024,-007
+022,-007
+022,-007
+022,-007
+022,-007
+022,-007
+022,-007
+022,-007
+022,-007
+022,-007
+020,-007
+020,-007
+020,-007
+020,-007
+020,-007
+020,-007
+020,-007
+020,-007
+020,-007
+020,-007
+018,-007
+018,-007
+018,-007
+018,-007
+018,-004
+018,-004
+018,-004
+018,-004
+016,-004
+016,-004
+016,-004
+016,-004
+016,-004
+016,-004
+016,-004
+016,-004
+016,-004
+016,-004
+014,-004
+014,-004
+014,-004
+014,-001
+014,-001
+014,-001
+014,-001
+014,-001
+014,-001
+014,-001
+014,-001
+014,-001
+014,-001
+014,-001
+014,-001
+014,-001
+014,-001
+014,-001
+014,-001
+014,-001
+014,-001
+014,-001
+014,-001
+014,-002
+014,-002
+014,-001
+014,-001
+014,-001
+014,-001
+014,-001
+014,-001
+014,-001
+014,-001
+012,-001
+012,-001
+012,-001
+012,-001
+012,-001
+012,-001
+012,-001
+012,-001
+012,-001
+012,-001
+012,-001
+012,-001
+012,-001
+012,-001
+012,-001
+010,-001
+010,-001
+010,-000
+010,-000
+010,-000
+010,-000
+010,-000
+010,-000
+008,-000
+008,-000
+008,-000
+008,-000
+008,-000
+008,-000
+006,-000
+006,-003
+006,-003
+006,-003
+004,-003
+004,-003
+004,-003
+004,-003
+004,+006
+004,-005
+004,-005
+004,-005
+002,-005
+002,-005
+002,-005
+002,-005
+002,-005
+002,-005
+002,-005
+002,-005
+004,-005
+004,-005
+004,-005
+004,-005
+004,-005
+004,-005
+004,-005
+004,-005
+006,-005
+006,-004
+006,-004
+006,-004
+006,-003
+008,-003
+008,-003
+008,-003
+008,-002
+008,-002
+008,-002
+008,-002
+010,-001
+010,-001
+010,-001
+010,-000
+010,-000
+012,-000
+012,-001
+012,-001
+012,-001
+012,-002
+014,-002
+014,-002
+014,-003
+014,-003
+014,-003
+014,-003
+014,-004
+016,-004
+016,-004
+016,-004
+016,-004
+016,-004
+018,-004
+018,-005
+018,-005
+018,-005
+018,-005
+018,-005
+018,-005
+018,-005
+020,-005
+020,-005
+020,-005
+020,-005
+020,-005
+020,-005
+020,-005
+020,-005
+020,-005
+020,-005
+020,-005
+020,-005
+020,-005
+020,-005
+020,-005
+020,-005
+020,-005
+020,-005
+020,-005
+020,-005
+020,-005
+020,-005
+018,-005
+018,-005
+018,-005
+018,-005
+018,-005
+016,-005
+016,-005
+016,-005
+016,-005
+016,-005
+016,-005
+016,-005
+016,-005
+014,-005
+014,-005
+014,-005
+014,-005
+014,-005
+012,-005
+012,-005
+010,-006
+010,-006
+010,-006
+010,-006
+010,-006
+008,-006
+008,-006
+008,-006
+008,-006
+008,-006
+008,-006
+006,-003
+006,-005
+004,-005
+004,-005
+004,-005
+004,-005
+004,-005
+004,-005
+004,-005
+004,-005
+004,-005
+004,-005
+004,-002
+006,-002
+006,-002
+006,-002
+006,-002
+006,-001
+006,-000
+006,-000
+006,-000
+006,-000
+006,-000
+006,-000
+006,-000
+006,-000
+006,-000
+006,-000
+006,-000
+006,-000
+006,-000
+006,-000
+006,-000
+006,-001
+006,-001
+006,-001
+006,-001
+006,-001
+006,-001
+006,-001
+006,-002
+006,-002
+006,-003
+006,-003
+006,-003
+006,-003
+006,-003
+006,-003
+006,-003
+006,-003
+006,-003
+008,-003
+008,-003
+008,-003
+008,-003
+008,-003
+008,-003
+008,-003
+008,-003
+008,-003
+008,-003
+008,-003
+008,-003
+008,-003
+008,-003
+008,-003
+008,-003
+008,-003
+008,-003
+008,-003
+008,-003
+008,-003
+006,-003
+006,-004
+006,-004
+004,-004
+004,-005
+004,-005
+004,-005
+004,-005
+004,-005
+002,-005
+002,-005
+002,-005
+002,-005
+002,-005
+002,-005
+002,-005
+002,-005
+002,-005
+002,-005
+002,-005
+002,-005
+002,-005
+002,-005
+002,-005
+002,-005
+002,-005
+002,-005
+002,-005
+002,-005
+002,-005
+002,-005
+002,-005
+002,-005
+002,-005
+002,-005
+002,-005
+002,-005
+002,-005
+002,-005
+002,-005
+002,-005
+002,-005
+002,-005
+002,-005
+002,-005
+004,-002
+004,-002
+004,-002
+006,-002
+006,-002
+006,-002
+006,-003
+006,-003
+006,-003
+006,-003
+008,-004
+008,-004
+008,-005
+008,-005
+008,-005
+010,-006
+010,-007
+010,-007
+010,-007
+012,-008
+012,-008
+012,-008
+012,-008
+014,-008
+014,-008
+014,-008
+016,-008
+016,-008
+016,-008
+016,-008
+016,-008
+016,-008
+018,-008
+018,-008
+018,-008
+018,-008
+018,-009
+018,-009
+018,-009
+018,-009
+018,-009
+018,-009
+018,-010
+018,-010
+018,-010
+018,-010
+018,-010
+018,-010
+018,-010
+018,-010
+018,-010
+018,-010
+018,-011
+018,-011
+018,-011
+018,-011
+020,-011
+020,-011
+020,-011
+020,-011
+020,-011
+020,-011
+020,-011
+020,-011
+020,-011
+020,-011
+020,-011
+020,-011
+020,-011
+020,-011
+020,-011
+020,-011
+020,-011
+020,-011
+020,-011
+020,-011
+020,-011
+020,-011
+020,-011
+020,-011
+020,-011
+020,-011
+020,-011
+020,-011
+020,-011
+020,-011
+018,-011
+018,-011
+018,-012
+018,-012
+018,-013
+018,-013
+018,-013
+018,-013
+016,-013
+016,-013
+016,-013
+016,-013
+016,-013
+016,-013
+016,-013
+016,-013
+016,-013
+016,-013
+016,-013
+016,-013
+016,-013
+016,-013
+016,-013
+016,-010
+016,-010
+016,-010
+016,-010
+016,-010
+016,-010
+016,-010
+016,-010
+016,-010
+016,-010
+016,-010
+016,-010
+016,-010
+016,-010
+018,-010
+018,-010
+018,-010
+018,-010
+018,-010
+018,-010
+018,-010
+018,-010
+018,-010
+020,-010
+020,-010
+020,-010
+020,-010
+020,-010
+020,-010
+020,-010
+020,-010
+020,-010
+020,-010
+020,-010
+020,-010
+020,-010
+020,-010
+020,-010
+020,-010
+020,-010
+020,-010
+020,-010
+020,-010
+020,-010
+020,-010
+020,-010
+020,-010
+020,-010
+020,-010
+020,-010
+020,-010
+020,-010
+020,-010
+020,-010
+020,-010
+020,-010
+020,-010
+020,-010
+020,-010
+020,-010
+020,-010
+020,-010
+020,-010
+020,-010
+020,-010
+020,-010
+020,-010
+020,-011
+020,-011
+020,-011
+020,-011
+020,-011
+020,-011
+020,-011
+020,-011
+020,-011
+020,-011
+022,-011
+022,-011
+022,-011
+022,-011
+022,-011
+022,-011
+022,-011
+022,-011
+022,-011
+022,-011
+022,-011
+022,-011
+022,-011
+022,-011
+022,-011
+022,-011
+022,-011
+022,-011
+022,-011
+022,-011
+022,-011
+022,-011
+022,-011
+024,-011
+024,-011
+024,-011
+024,-011
+024,-011
+024,-011
+024,-011
+024,-011
+024,-011
+024,-011
+024,-011
+024,-011
+024,-008
+024,-008
+024,-008
+024,-008
+024,-008
+024,-008
+024,-008
+024,-008
+024,-008
+026,-008
+026,-008
+026,-008
+026,-008
+026,-008
+026,-008
+026,-008
+026,-008
+026,-008
+026,-008
+026,-008
+026,-008
+026,-008
+026,-008
+026,-008
+026,-008
+026,-008
+026,-008
+026,-008
+026,-008
+026,-008
+026,-008
+026,-008
+026,-008
+026,-008
+026,-005
+026,-005
+026,-005
+024,-005
+024,-005
+024,-005
+024,-005
+024,-005
+024,-005
+024,-005
+024,-005
+024,-005
+024,-005
+024,-005
+024,-005
+024,-005
+024,-005
+024,-002
+024,-002
+024,-002
+024,-002
+024,-002
+024,-002
+024,-002
+024,-002
+024,-002
+024,-002
+024,-002
+024,-002
+024,-002
+024,-002
+024,-002
+024,-002
+024,-002
+024,-002
+024,-002
+022,-001
+022,-000
+022,-000
+022,-000
+022,-000
+022,-000
+022,-000
+022,-000
+022,-000
+022,-000
+020,-000
+020,-000
+020,-000
+020,-000
+020,-000
+020,-000
+020,-000
+020,-000
+020,-000
+020,-000
+018,-000
+018,-000
+018,-000
+018,-000
+018,-000
+018,-000
+016,-000
+016,-000
+016,-000
+016,-000
+016,-003
+016,-003
+016,-003
+016,-003
+016,-003
+016,-003
+016,-003
+016,-003
+016,-003
+016,-003
+016,-003
+016,-003
+016,-003
+016,-003
+016,-003
+016,-003
+016,-003
+016,-003
+016,-003
+016,-003
+014,-003
+014,+006
+014,+006
+014,+006
+014,+006
+014,+006
+014,+006
+014,+006
+014,+006
+014,+006
+014,+006
+014,+006
+014,+006
+014,+006
+014,+006
+014,+006
+012,+006
+012,+006
+012,+006
+012,+006
+012,+006
+012,+006
+012,+006
+012,+006
+012,-005
+012,-005
+012,-005
+012,-005
+012,-004
+012,-004
+012,-004
+010,-003
+010,-003
+010,-003
+010,-003
+010,-002
+010,-002
+008,-002
+008,-001
+008,-001
+008,-001
+008,-001
+008,-001
+008,-001
+008,-001
+008,-001
+006,-001
+006,-004
+006,-004
+006,-004
+006,-004
+006,-004
+006,-004
+004,-004
+004,-004
+004,-004
+004,+006
+004,+006
+002,+006
+002,+006
+002,+006
+002,+006
+002,+006
+002,+006
+002,+006
+002,+006
+002,+006
+002,+006
+002,+006
+004,+006
+004,+006
+004,+006
+004,+006
+004,+006
+004,+006
+006,+006
+006,+006
+006,+006
+006,+006
+006,+006
+006,+006
+008,+006
+008,+006
+008,+006
+008,+006
+008,+006
+010,+006
+010,+006
+010,-005
+010,-005
+010,-005
+012,-005
+012,-004
+012,-004
+012,-004
+014,-003
+014,-003
+014,-003
+014,-003
+014,-003
+014,-003
+016,-003
+016,-003
+016,-003
+016,-003
+016,-003
+016,-003
+016,-003
+016,-003
+016,-003
+016,-003
+016,-003
+016,-003
+016,-003
+016,-003
+016,-002
+016,-002
+016,-002
+016,-002
+016,-002
+016,-002
+016,-002
+016,-002
+016,-002
+016,-002
COP Area(S): 000315
COP Area(R): 000631